Velocity (RPM) - Plot 0	Voltage - Plot 0
0	0
0	0
141.211	0
141.211	5.61828
782.812	5.61828
782.812	5.61828
1604.3	5.61828
1604.3	5.61828
2038.18	5.61828
2038.18	6.3172
2032.03	6.3172
2032.03	3.96261
2026.76	3.96261
2026.76	3.96261
2023.54	3.96261
2023.54	3.96261
2025.88	3.96261
2025.88	3.96261
2028.81	3.96261
2028.81	3.96261
2027.93	3.96261
2027.93	3.96261
2028.52	3.96261
2028.52	3.96261
2028.52	3.96261
2028.52	3.96261
2025.88	3.96261
2025.88	3.96261
2027.64	3.96261
2027.64	3.96261
2025.59	3.96261
2025.59	3.96261
2028.81	3.96261
2028.81	3.97947
2029.69	3.97947
2029.69	3.97947
2028.52	3.97947
2028.52	3.97947
2027.93	3.97947
2027.93	3.97947
2025	3.97947
2025	3.96261
2023.83	3.96261
2023.83	3.96261
2026.17	3.96261
2026.17	3.96261
2028.22	3.96261
2028.22	3.96261
2028.52	3.96261
2028.52	3.96261
2030.27	3.96261
2030.27	3.95112
2029.69	3.95112
2029.69	3.95112
2030.86	3.95112
2030.86	3.95112
2030.86	3.95112
2030.86	3.95112
2031.45	3.96261
2031.45	3.96261
2029.69	3.96261
2029.69	3.96261
2027.64	3.96261
2027.64	3.96261
2029.98	3.96261
2029.98	3.96261
2031.15	3.96261
2031.15	3.96261
2029.98	3.96261
2029.98	3.96261
2029.69	3.96261
2029.69	3.96261
2029.69	3.96261
2029.69	3.96261
2027.64	3.96261
2027.64	3.95112
2031.15	3.95112
2031.15	3.95112
2031.15	3.95112
2028.81	3.95112
2028.81	3.95112
2031.15	3.95112
2031.15	3.95112
2031.45	3.9741
2031.45	3.9741
2033.5	3.9741
2033.5	3.9741
2033.5	3.9741
2033.5	3.9741
2035.25	3.99101
2035.25	3.99101
2032.32	3.97947
0	0
0	0
0	0
631.055	4.87654
631.055	4.87654
1425.29	4.87654
1425.29	4.87654
1425.29	4.87654
1855.66	4.87654
1855.66	5.55973
1857.71	5.55973
1857.71	3.64497
1855.96	3.64497
1855.96	3.64497
1852.44	3.64497
1852.44	3.64497
1851.86	3.64497
1851.86	3.64497
1853.91	3.64497
1853.91	3.64497
1853.61	3.64497
1853.61	3.64497
1854.2	3.64497
1854.2	3.64497
1854.79	3.64497
1854.79	3.64497
1855.66	3.64497
1855.66	3.63343
1855.96	3.63343
1855.96	3.63343
1856.84	3.63343
1856.84	3.63343
1855.96	3.63343
1855.96	3.63343
1855.96	3.63343
1855.96	3.64497
1854.79	3.64497
1854.79	3.64497
1811.13	3.64497
1811.13	3.64497
1740.53	3.64497
1740.53	3.66041
1696	3.66041
1696	3.3129
1685.74	3.3129
1685.74	3.3129
1685.74	3.3129
1686.04	3.3129
1686.04	3.3129
1685.74	3.3129
1685.74	3.3129
1686.62	3.30132
1686.62	3.30132
1684.86	3.30132
1684.86	3.30132
1685.16	3.30132
1685.16	3.30132
1684.86	3.30132
1684.86	3.30132
1686.33	3.3129
1686.33	3.3129
1680.76	3.3129
1680.76	3.3129
1640.04	3.3129
1640.04	3.3129
1640.04	3.32688
1524.9	3.32688
1524.9	2.97791
1515.82	2.97791
1515.82	2.97791
1515.82	2.97791
1511.43	2.97791
1511.43	2.97791
1512.89	2.97791
1512.89	2.97791
1512.01	2.97791
1512.01	2.97791
1510.55	2.97791
1510.55	2.97791
1510.55	2.97791
1514.06	2.97791
1514.06	2.9654
1512.6	2.9654
1512.6	2.9654
1511.43	2.9654
1511.43	2.9654
1513.18	2.9654
1513.18	2.9654
1505.27	2.9654
1505.27	3.06549
1463.96	3.06549
1463.96	2.69428
1394.53	2.69428
1394.53	2.69428
1351.17	2.69428
1351.17	2.69428
1341.21	2.69428
1341.21	2.6173
1339.16	2.6173
1339.16	2.64057
1340.04	2.64057
1340.04	2.64057
1339.16	2.64057
1339.16	2.64057
1337.11	2.64057
1337.11	2.64057
1341.5	2.64057
1341.5	2.64057
1341.5	2.64057
1341.5	2.64057
1339.45	2.64057
1339.45	2.64057
1315.14	2.64057
1315.14	2.61838
1258.01	2.61838
1258.01	2.31848
1193.26	2.31848
1193.26	2.31848
1190.62	2.31848
1190.62	2.31848
1189.45	2.31848
1189.45	2.29883
1187.99	2.29883
1187.99	2.31026
1185.94	2.31026
1185.94	2.31026
1178.61	2.31026
1178.61	2.31026
1136.72	2.31026
1136.72	2.33988
1067.29	2.33988
1067.29	1.99238
1021.58	1.99238
1021.58	1.99238
1010.74	1.99238
1010.74	1.99238
1007.81	1.99238
1007.81	1.97556
996.387	1.97556
996.387	1.97556
996.094	1.97556
996.094	1.97556
995.508	1.97556
995.508	1.97556
972.656	1.97556
972.656	2.00078
914.648	2.00078
914.648	1.65181
830.566	1.65181
830.566	1.65181
820.02	1.65181
820.02	1.65181
812.109	1.65181
812.109	1.64487
802.441	1.64487
802.441	1.64487
795.996	1.64487
795.996	1.64487
789.551	1.64487
789.551	1.64487
789.844	1.64487
789.844	1.64487
788.965	1.64487
788.965	1.64487
784.863	1.64487
784.863	1.64487
772.559	1.64487
772.559	1.64487
733.887	1.64487
733.887	1.66569
686.719	1.66569
686.719	1.31378
653.027	1.31378
653.027	1.31378
621.68	1.31378
621.68	1.31378
608.203	1.31378
608.203	1.30831
600.586	1.30831
600.586	1.31999
595.605	1.31999
595.605	1.31999
593.555	1.31999
593.555	1.31999
594.141	1.31999
594.141	1.31999
591.211	1.31999
591.211	1.31999
589.16	1.31999
589.16	1.31999
588.574	1.31999
588.574	1.31999
590.039	1.31999
590.039	1.31999
590.625	1.31999
590.625	1.31999
592.383	1.31999
592.383	1.31999
551.367	1.31999
551.367	1.31999
503.027	1.31999
503.027	1.35313
464.648	1.35313
464.648	0.981916
437.109	0.981916
437.109	0.981916
411.035	0.981916
411.035	0.981916
405.469	0.981916
405.469	0.981916
406.055	0.981916
406.055	0.981916
406.934	0.981916
406.934	0.981916
403.418	0.981916
403.418	0.981916
404.59	0.981916
404.59	0.981916
403.711	0.981916
403.711	0.981916
403.418	0.981916
403.418	0.981916
383.203	0.981916
383.203	0.981916
332.52	0.981916
332.52	0.985924
257.52	0.985924
257.52	0.649267
243.75	0.649267
243.75	0.649267
239.355	0.649267
239.355	0.649267
234.961	0.649267
234.961	0.649267
230.859	0.649267
230.859	0.649267
231.445	0.649267
231.445	0.649267
234.375	0.649267
234.375	0.649267
235.84	0.649267
235.84	0.649267
233.203	0.649267
233.203	0.649267
234.668	0.649267
234.668	0.649267
234.082	0.649267
234.082	0.649267
233.789	0.649267
233.789	0.649267
232.617	0.649267
232.617	0.649267
235.547	0.649267
235.547	0.649267
236.133	0.649267
236.133	0.649267
181.934	0.649267
181.934	0.649267
131.836	0.649267
131.836	0.31261
90.5273	0.31261
90.5273	0.31261
75	0.31261
75	0.31261
71.4844	0.31261
71.4844	0.31261
68.5547	0.31261
68.5547	0.31261
68.2617	0.31261
68.2617	0.31261
92.8711	0.31261
92.8711	0.31261
159.375	0.31261
159.375	0.31261
214.453	0.31261
214.453	0.649267
228.809	0.649267
228.809	0.649267
231.445	0.649267
231.445	0.649267
232.031	0.649267
232.031	0.649267
232.031	0.649267
232.031	0.985924
255.762	0.985924
255.762	0.985924
382.91	0.985924
382.91	0.985924
400.488	0.985924
400.488	0.981916
404.883	0.981916
404.883	0.981916
406.348	0.981916
406.348	0.981916
406.055	0.981916
406.055	0.981916
403.418	0.981916
403.418	0.949853
440.918	0.949853
440.918	1.33211
519.434	1.33211
519.434	1.33211
574.219	1.33211
574.219	1.33211
587.988	1.33211
587.988	1.33773
591.211	1.33773
591.211	1.31447
591.797	1.31447
591.797	1.31447
590.625	1.31447
590.625	1.31447
590.625	1.31447
590.625	1.31999
590.332	1.31999
590.332	1.70547
602.051	1.70547
602.051	1.70547
736.816	1.70547
736.816	1.70547
765.234	1.70547
765.234	1.6912
770.801	1.6912
770.801	1.64487
771.094	1.64487
771.094	1.64487
777.539	1.64487
777.539	1.64487
775.781	1.64487
775.781	1.64487
777.539	1.64487
777.539	2.03871
809.766	2.03871
809.766	2.03871
878.613	2.03871
878.613	2.03871
949.805	2.03871
949.805	2.02151
958.008	2.02151
958.008	1.97556
966.211	1.97556
966.211	1.97556
970.605	1.97556
970.605	1.97556
978.516	1.97556
978.516	1.96716
978.516	1.96716
1007.81	2.31026
1007.81	2.31026
1065.23	2.31026
1065.23	2.31026
1106.84	2.31026
1106.84	2.31026
1143.16	2.31026
1143.16	2.31026
1152.83	2.31026
1152.83	2.31026
1159.86	2.31026
1159.86	2.31026
1167.77	2.31026
1167.77	2.31026
1174.22	2.31026
1174.22	2.31026
1219.34	2.61906
1219.34	2.61906
1261.82	2.61906
1261.82	2.61906
1285.25	2.61906
1285.25	2.61906
1299.9	2.66383
1299.9	2.66383
1312.79	2.64057
1312.79	2.64057
1330.96	2.64057
1330.96	2.64057
1335.64	2.64057
1335.64	2.64057
1335.64	2.64057
1335.64	2.64057
1336.23	2.64057
1336.23	2.64057
1361.72	2.64057
1361.72	2.64057
1406.25	2.64057
1406.25	2.64057
1448.14	2.62947
1448.14	2.62947
1471.58	2.97698
1471.58	2.97698
1501.17	2.97698
1501.17	2.97698
1501.17	2.97698
1508.2	2.97698
1508.2	2.97698
1510.25	2.97698
1510.25	2.97698
1516.41	2.97698
1516.41	2.97698
1543.07	2.97698
1543.07	2.97698
1590.53	2.97698
1590.53	2.95186
1629.2	2.95186
1629.2	3.29643
1654.39	3.29643
1654.39	3.29643
1670.8	3.29643
1670.8	3.29643
1683.98	3.29643
1683.98	3.32449
1684.86	3.32449
1684.86	3.3129
1685.74	3.3129
1685.74	3.3129
1687.21	3.3129
1687.21	3.3129
1756.05	3.3129
1756.05	3.27097
1798.24	3.27097
1798.24	3.63695
1826.66	3.63695
1826.66	3.63695
1845.41	3.63695
1845.41	3.63695
1854.49	3.63695
1854.49	3.66804
1857.13	3.66804
1857.13	3.63343
1857.13	3.63343
1857.13	3.63343
1859.47	3.63343
1859.47	3.63343
1880.57	3.63343
1880.57	3.58724
1926.27	3.58724
1926.27	3.95166
1971.39	3.95166
1971.39	3.95166
2021.19	3.95166
2021.19	3.95166
2028.81	3.95166
2028.81	3.98558
2029.69	3.96261
2029.69	3.96261
2029.1	3.96261
2029.1	3.96261
2032.03	3.96261
2032.03	3.96261
2028.22	3.96261
2028.22	3.96261
2033.2	3.96261
2033.2	4.41056
2052.25	4.41056
2052.25	4.41056
2095.9	4.41056
2095.9	4.41056
2146.87	4.41056
2146.87	4.39179
2200.2	4.39179
2200.2	4.31173
2205.18	4.31173
2205.18	4.31173
2206.05	4.31173
2206.05	4.31173
2206.93	4.31173
2206.93	4.33016
2206.64	4.33016
2206.64	4.33016
2208.69	4.33016
2208.69	4.33016
2206.64	4.33016
2206.64	4.33016
2206.64	4.33016
2264.36	4.25645
2264.36	4.25645
2316.21	4.62903
2316.21	4.62903
2349.9	4.62903
2349.9	4.62903
2369.24	4.62903
2369.24	4.62903
2379.49	4.68915
2379.49	4.68915
2380.37	4.65484
2380.37	4.65484
2380.37	4.65484
2380.37	4.65484
2380.37	4.65484
2388.28	4.65484
2388.28	4.55538
2429.88	4.93592
2429.88	4.93592
2484.08	4.93592
2484.08	4.93592
2520.7	4.93592
2520.7	4.93592
2551.46	4.93592
2551.46	5.02214
2554.39	5.02214
2554.39	4.9652
2551.76	4.9652
2551.76	4.9652
2551.17	4.9652
2551.17	4.9652
2553.81	4.9652
2553.81	4.94389
2554.1	4.94389
2554.1	5.39746
2617.38	5.39746
2617.38	5.39746
2668.07	5.39746
2668.07	5.39746
2701.17	5.39746
2701.17	5.39746
2718.46	5.39746
2718.46	5.29541
2725.49	5.29541
2725.49	5.29541
2725.2	5.29541
2725.2	5.29541
2724.02	5.29541
2724.02	5.29541
2724.9	5.29541
2724.9	5.29541
2724.61	5.29541
2724.61	5.29541
2731.93	5.29541
2731.93	5.29541
2822.75	5.29541
2822.75	5.24976
2822.75	5.24976
2859.96	5.62072
2859.96	5.62072
2892.48	5.62072
2892.48	5.62072
2895.41	5.62072
2895.41	5.62072
2895.41	5.6696
2895.41	5.63558
2893.95	5.63558
2893.95	5.63558
2894.53	5.63558
2894.53	5.63558
2894.53	5.63558
2904.79	5.63558
2904.79	5.53842
2994.43	5.53842
2994.43	5.93959
3033.4	5.93959
3033.4	5.93959
3055.37	5.93959
3055.37	5.93959
3065.62	5.93959
3065.62	6.01774
3067.38	6.01774
3067.38	5.96129
3068.85	5.96129
3068.85	5.96129
3068.26	5.96129
3068.26	5.96129
3068.26	5.96129
3068.26	5.96129
3068.85	5.96129
3068.85	5.95
3069.14	5.95
3069.14	5.95
3067.38	5.95
3067.38	5.95
3066.21	5.95
3066.21	5.95
3066.8	5.95
3066.8	5.96129
3068.55	5.96129
3068.55	5.96129
3068.85	5.96129
3068.85	5.96129
3067.97	5.96129
3067.97	5.96129
3068.26	5.96129
3068.26	5.96129
3067.97	5.96129
3067.97	5.96129
3068.55	5.96129
3068.55	5.96129
3068.26	5.96129
3068.26	5.96129
3070.31	5.96129
3070.31	5.96129
3070.02	5.96129
3070.02	5.96129
3056.25	5.96129
3056.25	5.96129
3056.25	5.96129
2940.23	6.03871
2940.23	6.03871
2903.61	5.67273
2903.61	5.67273
2896.29	5.67273
2896.29	5.67273
2898.05	5.67273
2898.05	5.67273
2897.46	5.64848
2897.46	5.64848
2897.75	5.67126
2897.75	5.67126
2899.22	5.67126
2899.22	5.67126
2900.68	5.67126
2900.68	5.67126
2900.98	5.64692
2900.98	5.64692
2897.46	5.62424
2897.46	5.62424
2896.58	5.62424
2896.58	5.62424
2898.05	5.62424
2898.05	5.62424
2899.51	5.62424
2899.51	5.62424
2899.51	5.62424
2897.75	5.62424
2897.75	5.62424
2896.87	5.62424
2896.87	5.62424
2897.17	5.62424
2897.17	5.64848
2876.95	5.64848
2876.95	5.1588
2819.82	5.1588
2819.82	5.1588
2757.42	5.1588
2757.42	5.1588
2757.42	5.1588
2725.49	5.1588
2725.49	5.1588
2728.71	5.30684
2728.71	5.30684
2729.3	5.30684
2729.3	5.30684
2727.83	5.30684
2727.83	5.30684
2727.54	5.30684
2727.54	5.29545
2727.25	5.29545
2727.25	5.29545
2726.66	5.29545
2726.66	5.29545
2729	5.29545
2729	5.29545
2730.18	5.29545
2730.18	5.29545
2729.3	5.29545
2729.3	5.29545
2729.3	5.29545
2729.3	5.29545
2728.71	5.29545
2728.71	5.29545
2728.42	5.29545
2728.42	5.29545
2730.47	5.29545
2730.47	5.29545
2727.83	5.29545
2727.83	5.29545
2728.42	5.29545
2728.42	5.29545
2729.3	5.38636
2729.3	5.38636
2700	4.89985
2700	4.89985
2700	4.89985
2578.42	4.89985
2578.42	4.89985
2556.15	4.89985
2556.15	4.81716
2554.69	4.9652
2554.69	4.9652
2554.69	4.9652
2562.01	4.9652
2562.01	4.9652
2560.55	4.9652
2560.55	4.9652
2557.91	4.9652
2557.91	4.9652
2561.43	4.9652
2561.43	4.9652
2560.84	4.9652
2560.84	4.9652
2560.55	4.9652
2560.55	4.9652
2561.13	4.9652
2561.13	4.9652
2562.01	4.95381
2562.01	4.95381
2559.08	4.95381
2559.08	4.95381
2559.08	4.95381
2560.84	4.95381
2560.84	4.95381
2559.37	4.95381
2559.37	4.9652
2560.25	4.9652
2560.25	4.9652
2561.72	4.9652
2561.72	4.9652
2561.13	4.9652
2561.13	5.13568
2499.32	5.13568
2499.32	4.66452
2429.59	4.66452
2429.59	4.66452
2390.92	4.66452
2390.92	4.66452
2384.47	4.66452
2384.47	4.52903
2386.82	4.52903
2386.82	4.63196
2387.7	4.63196
2387.7	4.63196
2388.28	4.63196
2388.28	4.63196
2387.7	4.63196
2387.7	4.65176
2385.64	4.65176
2385.64	4.65176
2384.18	4.65176
2384.18	4.65176
2385.94	4.65176
2385.94	4.65176
2383.59	4.65176
2383.59	4.63196
2382.71	4.63196
2382.71	4.16305
2354.59	4.16305
2354.59	4.16305
2288.38	4.16305
2288.38	4.16305
2214.84	4.16305
2214.84	4.18084
2214.84	4.18084
2214.84	4.31867
2216.31	4.31867
2216.31	4.31867
2216.6	4.31867
2216.6	4.31867
2218.65	4.31867
2218.65	4.31867
2215.14	4.31867
2215.14	4.30718
2215.14	4.30718
2215.14	4.30718
2215.72	4.30718
2215.72	4.30718
2216.31	4.30718
2216.31	4.30718
2217.19	4.30718
2217.19	3.88221
2152.44	3.88221
2152.44	3.88221
2082.71	3.88221
2082.71	3.88221
2046.09	3.88221
2046.09	3.89873
2041.11	3.89873
2041.11	3.96794
2041.7	3.96794
2041.7	3.96794
2039.06	3.96794
2039.06	3.96794
2037.3	3.96794
2037.3	3.96794
2036.13	3.96794
2036.13	3.97947
2039.94	3.97947
2039.94	3.97947
2040.23	3.97947
2040.23	3.97947
2042.29	3.97947
2042.29	3.97947
2040.23	3.97947
2040.23	3.96794
2037.89	3.96794
2037.89	3.96794
2035.55	3.96794
2035.55	3.96794
2038.77	3.96794
2038.77	3.95112
2037.89	3.95112
2037.89	3.95112
2040.23	3.95112
2040.23	3.95112
2040.23	3.95112
1993.95	3.95112
1993.95	3.95112
1928.32	4.00156
1928.32	4.00156
1878.52	3.65259
1878.52	3.65259
1867.09	3.65259
1867.09	3.65259
1867.97	3.65259
1867.97	3.65259
1867.38	3.63724
1867.38	3.63724
1867.97	3.63724
1867.97	3.63724
1868.26	3.63724
1868.26	3.63724
1867.97	3.63724
1867.97	3.63724
1868.26	3.6219
1868.26	3.6219
1869.73	3.63343
1869.73	3.63343
1869.43	3.63343
1869.43	3.63343
1868.26	3.63343
1868.26	3.63343
1868.26	3.66422
1868.26	3.66422
1849.22	3.22219
1849.22	3.22219
1727.34	3.22219
1727.34	3.22219
1698.05	3.22219
1698.05	3.22219
1696	3.20865
1696	3.20865
1695.7	3.30132
1695.7	3.30132
1696	3.30132
1696	3.30132
1696.87	3.30132
1696.87	3.30132
1698.34	3.30132
1698.34	3.30132
1696.29	3.30132
1696.29	3.30132
1696.29	3.30132
1696.29	3.30132
1696.58	3.30132
1696.58	3.30132
1698.34	3.30132
1698.34	3.30132
1697.46	3.30132
1697.46	3.30132
1697.46	3.30132
1696.29	3.30132
1696.29	3.30132
1697.17	3.30132
1697.17	3.30132
1698.34	3.30132
1698.34	3.30132
1698.34	3.30132
1698.34	3.30132
1699.22	3.30132
1699.22	3.30132
1682.81	3.30132
1682.81	3.35704
1569.43	3.35704
1569.43	3.01544
1529	3.01544
1529	3.01544
1523.14	3.01544
1523.14	3.01544
1523.73	3.01544
1523.73	2.97791
1525.49	2.97791
1525.49	2.97791
1525.78	2.97791
1525.78	2.97791
1526.37	2.97791
1526.37	2.97791
1524.9	2.97791
1524.9	2.97791
1526.07	2.97791
1526.07	2.97791
1526.95	2.97791
1526.95	2.97791
1524.32	2.97791
1524.32	2.97791
1523.14	2.97791
1523.14	2.97791
1525.2	2.97791
1525.2	2.97791
1527.54	2.97791
1527.54	2.97791
1526.07	2.97791
1526.07	2.97791
1526.66	2.97791
1526.66	2.97791
1524.61	2.97791
1524.61	2.97791
1524.61	2.97791
1524.61	2.97791
1524.61	2.97791
1511.43	2.97791
1511.43	2.97791
1461.62	3.01544
1461.62	3.01544
1393.36	2.66207
1393.36	2.66207
1353.52	2.66207
1353.52	2.66207
1352.34	2.66207
1352.34	2.66207
1351.46	2.63998
1351.46	2.63998
1351.46	2.65166
1351.46	2.65166
1350.88	2.65166
1350.88	2.65166
1352.34	2.65166
1352.34	2.65166
1353.22	2.64057
1353.22	2.64057
1352.64	2.64057
1352.64	2.64057
1350.59	2.64057
1350.59	2.64057
1349.41	2.64057
1349.41	2.64057
1350	2.64057
1350	2.64057
1352.93	2.64057
1352.93	2.64057
1351.17	2.64057
1351.17	2.64057
1350.29	2.64057
1350.29	2.64057
1350.29	2.65166
1336.52	2.65166
1336.52	2.30122
1291.99	2.30122
1291.99	2.30122
1235.74	2.30122
1235.74	2.30122
1197.07	2.30122
1197.07	2.26271
1196.78	2.26271
1196.78	2.32014
1198.24	2.32014
1198.24	2.32014
1197.95	2.32014
1197.95	2.32014
1197.95	2.32014
1197.95	2.32014
1197.95	2.32014
1198.24	2.30865
1198.24	2.30865
1197.95	2.30865
1197.95	2.30865
1197.07	2.30865
1197.07	2.30865
1199.12	2.30865
1199.12	2.30865
1181.84	1.92962
1181.84	1.92962
1129.98	1.92962
1129.98	1.92962
1063.18	1.92962
1063.18	1.92962
1018.36	1.93783
1018.36	1.93783
1018.65	1.98397
1018.65	1.98397
1015.72	1.98397
1015.72	1.98397
1014.26	1.98397
1014.26	1.98397
1014.84	1.97556
1014.84	1.97556
1013.09	1.97556
1013.09	1.97556
1014.26	1.97556
1014.26	1.97556
1012.79	1.97556
1012.79	1.97556
1012.5	1.98397
1012.5	1.98397
1014.84	1.98397
1014.84	1.98397
1012.5	1.98397
1012.5	1.98397
1014.55	1.98397
1014.55	1.98397
1015.72	1.98397
1015.72	1.98397
1013.38	1.98397
1013.38	1.98397
1012.21	1.98397
1012.21	1.98397
1013.38	1.98397
1013.38	1.98397
1014.26	1.97556
1014.26	1.97556
1016.6	1.97556
1016.6	1.97556
1013.96	1.97556
1013.96	1.97556
1010.74	1.97556
1010.74	1.97556
1011.04	1.97556
1011.04	1.97556
1010.74	1.97556
1010.74	1.97556
1013.96	1.97556
1013.96	1.97556
1012.79	1.97556
1012.79	1.97556
1010.16	1.97556
1010.16	1.97556
1010.45	1.97556
1010.45	1.97556
1010.45	1.97556
1009.57	1.97556
1009.57	1.97556
1009.57	1.97556
1001.66	2.03441
1001.66	2.03441
958.301	1.65591
958.301	1.65591
891.211	1.65591
848.145	1.65591
848.145	1.65591
848.145	1.65591
828.516	1.6217
828.516	1.6217
822.363	1.64487
822.363	1.64487
819.434	1.64487
819.434	1.64487
812.695	1.64487
812.695	1.64487
812.402	1.64487
812.402	1.64487
812.402	1.64487
812.402	1.64487
809.766	1.64487
809.766	1.64487
810.937	1.64487
810.937	1.64487
807.129	1.64487
807.129	1.64487
806.836	1.64487
806.836	1.64487
806.543	1.64487
806.543	1.64487
803.906	1.64487
803.906	1.64487
808.008	1.64487
808.008	1.64487
808.008	1.64487
804.785	1.64487
804.785	1.64487
805.957	1.64487
805.957	1.64487
804.199	1.64487
804.199	1.64487
806.836	1.30894
806.836	1.30894
806.836	1.30894
788.965	1.30894
788.965	1.30894
699.023	1.30894
699.023	1.30894
662.402	1.31999
662.402	1.31999
647.461	1.30831
647.461	1.30831
635.449	1.30831
635.449	1.30831
624.316	1.30831
624.316	1.30831
607.91	1.30831
607.91	1.30831
603.809	1.31999
603.809	1.31999
601.172	1.31999
601.172	1.31999
599.707	1.31999
599.707	1.31999
599.707	1.31999
599.707	1.31999
599.121	1.31999
599.121	1.31999
598.828	1.31999
598.828	1.31999
598.535	1.31999
598.535	1.31999
600.293	1.31999
600.293	1.31999
599.707	1.31999
599.707	1.31999
598.535	1.31999
598.535	1.31999
597.363	1.31999
597.363	1.31999
597.949	1.31999
597.949	1.31999
599.707	1.31999
599.707	1.31999
590.625	1.31999
590.625	1.31999
561.035	1.31999
561.035	1.31999
513.574	1.35313
513.574	0.981916
475.781	0.981916
475.781	0.981916
454.687	0.981916
454.687	0.981916
418.945	0.981916
418.945	0.981916
415.723	0.981916
415.723	0.981916
410.449	0.981916
410.449	0.981916
407.227	0.981916
407.227	0.981916
409.57	0.981916
409.57	0.981916
409.863	0.981916
409.863	0.981916
407.52	0.981916
407.52	0.981916
408.691	0.981916
408.691	0.981916
409.863	0.981916
409.863	0.981916
409.863	0.981916
409.863	0.981916
409.277	0.981916
409.277	0.981916
408.105	0.981916
408.105	0.981916
407.812	0.981916
407.812	0.981916
407.52	0.981916
407.52	0.981916
407.227	0.981916
407.227	0.981916
397.559	0.981916
397.559	0.981916
312.891	0.981916
312.891	0.981916
273.926	0.985924
273.926	0.985924
249.902	0.649267
249.902	0.649267
242.285	0.649267
242.285	0.649267
238.77	0.649267
238.77	0.649267
233.203	0.649267
233.203	0.649267
233.789	0.649267
233.789	0.649267
237.012	0.649267
237.012	0.649267
239.062	0.649267
239.062	0.649267
234.961	0.649267
234.961	0.649267
232.324	0.649267
232.324	0.649267
234.082	0.649267
234.082	0.649267
235.254	0.649267
235.254	0.649267
220.312	0.649267
220.312	0.649267
183.691	0.31261
183.691	0.31261
97.5586	0.31261
97.5586	0.31261
78.8086	0.31261
78.8086	0.31261
73.5352	0.31261
73.5352	0.31261
71.7773	0.31261
71.7773	0.31261
71.1914	0.31261
71.1914	0.31261
71.7773	0.31261
71.7773	0.31261
69.7266	0.31261
69.7266	0.31261
70.3125	0.31261
70.3125	0.31261
71.4844	0.31261
71.4844	0.31261
70.6055	0.31261
70.6055	0.31261
70.0195	0.31261
70.0195	0.31261
68.2617	0.31261
68.2617	0.31261
66.7969	0.31261
66.7969	0.31261
67.0898	0.31261
67.0898	0.31261
68.2617	0.31261
68.2617	0.31261
69.4336	0.31261
69.4336	0.31261
70.0195	0.31261
70.0195	0.31261
70.6055	0.31261
70.6055	0.31261
72.0703	0.31261
72.0703	0.31261
73.8281	0.31261
73.8281	0.31261
70.8984	0.31261
70.8984	0.31261
71.4844	0.31261
71.4844	0.31261
72.3633	0.31261
72.3633	0.31261
71.7773	0.31261
71.7773	0.31261
70.0195	0.31261
70.0195	0.31261
68.2617	0.31261
68.2617	0.31261
67.6758	0.31261
67.6758	0.31261
69.1406	0.31261
69.1406	0.31261
69.7266	0.31261
69.7266	0.31261
68.2617	0.31261
68.2617	0.31261
68.2617	0.31261
68.2617	0.31261
69.4336	0.31261
69.4336	0.31261
71.1914	0.31261
71.1914	0.31261
72.9492	0.31261
72.9492	0.31261
70.3125	0.31261
70.3125	0.31261
71.7773	0.31261
71.7773	0.31261
72.9492	0.31261
72.9492	0.31261
72.9492	0.31261
72.9492	0.31261
71.7773	0.31261
71.7773	0.31261
70.8984	0.31261
70.8984	0.31261
67.9687	0.31261
67.9687	0.31261
69.1406	0.31261
69.1406	0.31261
104.004	0.31261
104.004	0.31261
174.902	0.649267
174.902	0.649267
230.273	0.649267
230.273	0.649267
235.254	0.649267
235.254	0.649267
235.254	0.649267
236.719	0.649267
236.719	0.649267
235.84	0.649267
235.84	0.649267
232.617	0.649267
232.617	0.649267
231.738	0.649267
231.738	0.649267
230.566	0.649267
230.566	0.649267
231.445	0.649267
231.445	0.649267
235.84	0.649267
235.84	0.649267
233.496	0.649267
233.496	0.649267
232.324	0.649267
232.324	0.637243
230.566	0.637243
230.566	0.637243
233.789	0.637243
233.789	0.637243
241.699	0.637243
241.699	0.632063
291.504	0.632063
291.504	0.977908
362.109	0.977908
362.109	0.977908
395.801	0.977908
395.801	0.977908
405.762	0.977908
405.762	0.981916
406.934	0.981916
406.934	0.981916
405.469	0.981916
405.469	0.981916
408.105	0.981916
408.105	0.981916
410.742	0.981916
410.742	0.985924
408.398	0.985924
408.398	0.985924
436.816	0.985924
436.816	0.985924
510.059	0.985924
510.059	0.985924
573.047	0.985924
573.047	0.957869
589.746	0.957869
589.746	1.30831
591.797	1.30831
591.797	1.30831
594.141	1.30831
594.141	1.30831
595.312	1.30831
595.312	1.30831
594.727	1.30831
594.727	1.31999
593.848	1.31999
593.848	1.31999
593.848	1.31999
593.848	1.31999
627.832	1.31999
627.832	1.29238
704.883	1.29238
704.883	1.62405
757.031	1.62405
757.031	1.62405
774.023	1.62405
774.023	1.62405
781.934	1.62405
781.934	1.64487
783.984	1.64487
783.984	1.64487
786.328	1.64487
786.328	1.64487
787.207	1.64487
787.207	1.64487
788.086	1.64487
788.086	1.65181
789.844	1.65181
789.844	1.65181
790.43	1.65181
790.43	1.65181
791.016	1.65181
791.016	1.65181
793.359	1.65181
793.359	1.64487
793.652	1.64487
793.652	1.64487
795.117	1.64487
795.117	1.64487
793.359	1.64487
793.359	1.64487
790.723	1.64487
790.723	1.64487
791.895	1.64487
791.895	1.64487
791.895	1.64487
791.895	1.64487
792.187	1.64487
792.187	1.64487
793.359	1.64487
793.359	1.64487
790.43	1.64487
790.43	1.64487
792.773	1.64487
792.773	1.64487
793.652	1.64487
793.652	1.64487
792.187	1.64487
792.187	1.64487
795.996	1.64487
795.996	2.05029
841.699	2.05029
841.699	2.05029
841.699	2.05029
949.512	2.05029
949.512	2.05029
961.523	2.03299
961.523	2.03299
969.727	1.97556
969.727	1.97556
978.223	1.97556
978.223	1.97556
982.324	1.97556
982.324	1.97556
992.578	1.97556
992.578	1.97556
993.75	1.97556
993.75	1.97556
997.266	1.97556
997.266	1.97556
997.266	1.97556
999.023	1.97556
999.023	1.97556
1003.42	1.97556
1003.42	1.97556
1002.54	1.97556
1002.54	1.97556
1001.66	1.97556
1001.66	1.97556
1002.54	1.97556
1002.54	1.97556
1003.12	1.97556
1003.12	1.97556
1004.88	1.97556
1004.88	1.97556
1004	1.97556
1004	1.97556
1002.25	1.97556
1002.25	1.97556
1000.78	1.97556
1000.78	1.97556
1000.78	1.97556
999.316	1.97556
999.316	1.97556
1005.76	1.97556
1005.76	1.97556
1004.88	1.97556
1004.88	1.97556
1005.18	1.97556
1005.18	1.97556
1004.3	1.97556
1004.3	1.97556
1001.37	1.97556
1001.37	1.97556
1004.88	1.97556
1004.88	1.97556
1002.83	1.97556
1002.83	1.97556
1003.71	1.97556
1003.71	1.97556
1003.71	1.97556
1003.71	1.97556
1002.83	1.98397
1002.83	1.98397
1005.18	1.98397
1005.18	1.98397
1002.25	1.98397
1002.25	1.98397
1002.25	1.98397
1002.25	1.98397
1003.42	1.97556
1003.42	1.97556
1002.83	1.97556
1002.83	1.97556
1004	1.97556
1004	1.97556
1003.71	1.97556
1003.71	1.97556
1002.25	1.97556
1002.25	1.97556
1001.66	1.97556
1001.66	1.97556
1000.49	1.97556
1000.49	1.97556
1005.76	1.97556
1005.76	1.97556
1004.3	1.97556
1004.3	1.97556
1047.66	4.70919
1047.66	4.70919
1344.14	4.70919
1344.14	4.70919
1912.5	4.70919
1912.5	4.70919
1959.67	4.70919
1959.67	4.70919
1977.54	3.85924
1977.54	3.85924
1981.35	3.85924
1981.35	3.85924
1983.11	3.85924
1983.11	3.85924
1984.57	3.87566
1984.57	3.87566
1983.98	3.87566
1983.98	3.87566
1984.57	3.87566
1984.57	3.87566
1985.45	3.87566
1985.45	3.87566
1985.45	3.87566
1985.45	3.87566
1984.86	3.86413
1984.86	3.86413
1985.74	3.86413
1985.74	3.86413
1984.86	3.86413
1984.86	3.86413
1986.62	3.86413
1986.62	3.86413
1985.45	3.87566
1985.45	3.87566
1982.81	3.87566
1982.81	3.87566
1985.16	3.87566
1985.16	3.87566
1981.93	3.87566
1981.93	3.87566
1986.04	3.87566
1986.04	3.87566
1986.62	3.87566
1986.62	3.87566
1982.81	3.87566
1982.81	3.87566
1986.04	3.87566
1986.04	3.87566
1984.28	3.87566
1984.28	3.87566
1985.16	3.87566
1985.16	3.87566
1985.74	3.87566
1985.74	3.87566
1984.86	3.87566
1984.86	3.87566
1986.04	3.86413
1986.04	3.86413
1983.98	3.86413
1983.98	3.86413
1984.86	3.86413
1984.86	3.86413
1985.16	3.86413
1985.16	3.86413
1984.57	3.87566
1984.57	3.87566
1983.4	3.87566
1983.4	3.87566
1986.33	3.87566
1986.33	3.87566
1986.04	3.87566
1986.04	3.87566
1983.69	3.87566
1983.69	3.87566
1986.62	3.87566
1986.62	3.87566
1984.28	3.87566
1984.28	3.87566
1986.62	3.87566
1986.62	3.87566
1986.62	3.87566
1986.62	3.87566
1984.86	3.87566
1984.86	3.87566
1986.33	3.87566
1986.33	3.87566
1983.69	3.87566
1983.69	3.87566
1986.04	3.87566
1986.04	3.87566
1985.74	3.87566
1985.74	3.87566
1983.11	3.87566
1983.11	3.87566
1986.62	3.87566
1986.62	3.87566
1984.28	3.87566
1984.28	3.87566
1985.74	3.87566
1985.74	3.87566
1987.79	3.87566
1987.79	3.87566
1986.62	3.87566
1986.62	3.87566
1986.62	3.87566
1986.62	3.87566
1986.62	3.87566
1986.33	3.87566
1986.33	3.87566
1986.62	3.87566
1986.62	3.87566
1985.74	3.87566
1985.74	3.87566
1985.45	3.87566
1985.45	3.87566
1984.86	3.87566
1984.86	3.87566
1986.33	3.87566
1986.33	3.87566
1986.04	3.87566
1986.04	3.87566
1986.91	3.87566
1986.91	3.87566
1986.33	3.87566
1986.33	3.87566
1984.28	3.87566
1984.28	3.87566
1987.21	3.87566
1987.21	3.87566
1986.33	3.87566
1986.33	3.87566
1986.04	3.87566
1986.04	3.87566
1986.33	3.87566
1986.33	3.87566
1984.86	3.87566
1984.86	3.87566
1987.21	3.87566
1987.21	3.87566
1987.5	3.87566
1987.5	3.87566
1986.91	3.87566
1986.91	3.87566
1987.79	3.87566
1987.79	3.87566
1985.16	3.87566
1985.16	3.87566
1986.33	3.87566
1986.33	3.87566
1986.91	3.87566
1986.91	3.87566
1986.91	3.87566
1986.91	3.87566
1986.91	3.87566
1986.91	3.87566
1986.04	3.87566
1986.04	3.87566
1986.33	3.87566
1986.33	3.87566
1987.5	3.87566
1987.5	3.87566
1987.79	3.87566
1987.79	3.87566
1986.91	3.87566
1986.91	3.87566
1986.91	3.87566
1988.67	3.87566
1988.67	3.87566
1986.62	3.87566
1986.62	3.87566
1988.38	3.87566
1988.38	3.87566
1988.38	3.87566
1985.45	3.87566
1985.45	3.87566
1988.67	3.87566
1988.67	3.87566
1988.38	3.87566
1988.38	3.87566
1985.45	3.87566
1985.45	3.87566
1988.09	3.87566
1988.09	3.87566
1984.57	3.87566
1984.57	3.9218
2001.56	3.9218
2001.56	3.9218
2200.2	3.9218
2200.2	3.9218
2568.16	3.9218
2828.03	3.82209
2828.03	3.82209
2828.03	5.65445
2936.13	5.65445
2936.13	5.65445
2939.65	5.65445
2939.65	5.65445
2938.77	5.65445
2938.77	5.70362
2936.13	5.70362
2936.13	5.68094
2937.01	5.68094
2937.01	5.68094
2938.18	5.68094
2938.18	5.68094
2938.18	5.68094
2938.18	5.68094
2939.06	5.68094
2939.06	5.69228
2938.48	5.69228
2938.48	5.69228
2937.89	5.69228
2937.89	5.69228
2936.72	5.69228
2936.72	5.71681
2936.43	5.71681
2936.43	5.71681
2937.3	5.71681
2937.3	5.71681
2937.3	5.71681
2937.3	5.71681
2937.6	5.71681
2937.6	5.71681
2937.89	5.71681
2937.89	5.71681
2938.77	5.71681
2938.77	5.71681
2938.18	5.71681
2938.18	5.71681
2938.77	5.71681
2938.77	5.71681
2939.06	5.71681
2939.06	5.7282
2938.48	5.7282
2938.48	5.7282
2938.48	5.7282
2938.48	5.7282
2950.78	5.7282
2950.78	4.59731
3110.74	4.59731
3110.74	6.91882
3740.92	6.91882
3740.92	6.91882
3740.92	6.91882
3874.22	6.91882
3874.22	6.91882
3900	8.50978
3900	8.50978
3890.33	7.54301
3890.33	7.54301
3883.01	7.54301
3883.01	7.54301
3883.01	7.54301
3885.94	7.54301
3885.94	7.51022
3884.18	7.51022
3884.18	7.52141
3880.66	7.52141
3880.66	7.52141
3884.18	7.52141
3884.18	7.52141
3884.18	7.52141
3885.35	7.52141
3885.35	7.52141
3883.59	7.51022
3883.59	7.51022
3883.89	7.51022
3883.89	7.51022
3885.94	7.51022
3885.94	7.51022
3884.47	7.54301
3884.47	7.54301
3882.71	7.54301
3882.71	7.54301
3886.52	7.54301
3886.52	7.54301
3884.47	7.54301
3884.47	7.54301
3882.13	7.51022
3882.13	7.51022
3884.47	7.51022
3884.47	7.51022
3887.99	7.51022
3887.99	7.51022
3883.59	7.51022
3883.59	7.51022
3884.18	7.51022
3884.18	7.51022
3886.52	7.51022
3886.52	7.51022
3887.11	7.51022
3887.11	7.51022
3883.89	7.51022
3883.89	7.51022
3884.18	7.51022
3884.18	7.51022
3887.99	7.51022
3887.99	7.51022
3822.07	7.51022
3822.07	7.51022
3563.67	7.51022
3563.67	7.51022
3227.93	7.90376
3227.93	7.90376
2944.34	5.87776
2944.34	5.87776
2926.76	5.87776
2926.76	5.87776
2935.55	5.87776
2935.55	5.87776
2942.58	5.68265
2942.58	5.68265
2944.04	5.70543
2944.04	5.70543
2944.34	5.70543
2944.34	5.70543
2944.04	5.70543
2944.04	5.70543
2945.51	5.70543
2945.51	5.70543
2944.34	5.69404
2944.34	5.69404
2943.46	5.69404
2943.46	5.69404
2942.87	5.69404
2942.87	5.69404
2941.99	5.69404
2941.99	5.69404
2942.58	5.70543
2942.58	5.70543
2942.58	5.70543
2942.58	5.70543
2942.87	5.70543
2942.87	5.70543
2943.75	5.70543
2943.75	5.70543
2944.04	5.70543
2944.04	5.70543
2941.7	5.70543
2941.7	5.70543
2941.11	5.70543
2941.11	5.70543
2940.23	5.68094
2940.23	5.68094
2941.99	5.69228
2941.99	5.69228
2942.87	5.69228
2942.87	5.69228
2940.82	5.69228
2940.82	5.69228
2939.36	5.71681
2939.36	5.71681
2926.46	3.4392
2926.46	3.4392
2419.63	3.4392
2419.63	3.4392
2137.21	3.4392
2137.21	3.4392
2019.73	3.48348
2019.73	3.48348
1986.04	3.86413
1986.04	3.86413
1987.5	3.86413
1987.5	3.86413
1991.02	3.86413
1991.02	3.86413
1993.95	3.86413
1993.95	3.86413
1993.36	3.86413
1993.36	3.86413
1992.48	3.86413
1992.48	3.86413
1992.48	3.86413
1991.6	3.86413
1991.6	3.86413
1993.36	3.86413
1993.36	3.86413
1993.65	3.86413
1993.65	3.86413
1993.36	3.86413
1993.36	3.86413
1994.24	3.86413
1994.24	3.86413
1992.77	3.86413
1992.77	3.86413
1993.65	3.86413
1993.65	3.86413
1993.07	3.86413
1993.07	3.86413
1992.19	3.86413
1992.19	3.86413
1993.65	3.86413
1993.65	3.86413
1991.02	3.86413
1991.02	3.86413
1994.53	3.86413
1994.53	3.86413
1994.53	3.86413
1994.53	3.86413
1950	3.86413
1950	1.83402
1689.26	1.83402
1689.26	1.83402
1327.73	1.83402
1327.73	1.83402
1327.73	1.83402
1078.42	1.82625
1078.42	1.82625
1058.79	2.04448
1058.79	2.04448
1057.62	2.04448
1057.62	2.04448
1059.08	2.04448
1059.08	2.04448
1057.32	2.04448
1057.32	2.04448
1057.91	2.04448
1057.91	2.04448
1058.5	2.04448
1058.5	2.04448
1057.62	2.04448
1057.62	2.04448
1056.74	2.04448
1056.74	2.04448
1057.03	2.04448
1057.03	2.04448
1057.62	2.04448
1057.62	2.04448
1056.15	2.04448
1056.15	2.04448
1054.69	2.04448
1054.69	2.04448
1056.15	2.04448
1056.15	2.04448
1057.03	2.04448
1057.03	2.04448
1055.86	2.04448
1055.86	2.04448
1055.86	2.04448
1055.86	2.04448
1057.32	2.04448
1057.32	2.04448
1053.81	2.04448
1053.81	2.04448
1053.22	2.04448
1053.22	2.04448
1056.74	2.04448
1056.74	2.04448
1056.74	2.04448
1057.32	2.04448
1057.32	2.04448
1052.64	2.04448
1052.64	2.04448
1053.81	2.04448
1053.81	2.04448
1054.1	2.04448
1054.1	2.04448
1052.64	2.04448
1052.64	2.04448
1032.13	2.04448
1032.13	2.04448
441.797	2.04448
441.797	2.13148
225.293	2.13148
225.293	0.215543
138.281	0.215543
138.281	0.215543
82.6172	0.215543
82.6172	0.215543
29.0039	0.215543
29.0039	0.216422
24.0234	0.216422
24.0234	0.216422
19.043	0.216422
19.043	0.216422
21.6797	0.216422
21.6797	0.216422
26.3672	0.216422
26.3672	0.216422
16.4062	0.216422
16.4062	0.216422
17.8711	0.216422
17.8711	0.216422
24.9023	0.216422
24.9023	0.216422
26.3672	0.216422
26.3672	0.216422
21.3867	0.216422
21.3867	0.216422
22.8516	0.216422
22.8516	0.216422
24.3164	0.216422
24.3164	0.216422
19.043	0.216422
19.043	0.216422
22.2656	0.216422
22.2656	0.216422
24.9023	0.216422
24.9023	0.216422
21.0937	0.216422
21.0937	0.216422
24.3164	0.216422
24.3164	0.216422
26.0742	0.216422
26.0742	0.216422
21.6797	0.216422
21.6797	0.216422
21.6797	0.216422
21.6797	0.216422
26.9531	0.216422
26.9531	0.216422
23.1445	0.216422
23.1445	0.216422
24.6094	0.216422
24.6094	0.216422
25.1953	0.216422
25.1953	0.216422
21.0937	0.216422
21.0937	0.216422
21.3867	0.216422
21.3867	0.216422
23.1445	0.216422
23.1445	0.216422
16.1133	0.216422
16.1133	0.216422
16.1133	0.216422
16.1133	0.216422
22.5586	0.216422
22.5586	0.216422
23.7305	0.216422
23.7305	0.216422
14.9414	0.216422
14.9414	0.216422
18.75	0.216422
18.75	0.216422
23.1445	0.216422
23.1445	0.216422
20.2148	0.216422
20.2148	0.216422
14.6484	0.216422
14.6484	0.216422
19.9219	0.216422
19.9219	0.216422
21.0937	0.216422
21.0937	0.216422
18.457	0.216422
18.457	0.216422
18.457	0.216422
16.9922	0.216422
16.9922	0.216422
21.3867	0.216422
21.3867	0.216422
20.8008	0.216422
20.8008	0.216422
16.6992	0.216422
16.6992	0.216422
19.6289	0.216422
19.6289	0.216422
21.6797	0.216422
21.6797	0.216422
17.2852	0.216422
17.2852	0.216422
14.6484	0.216422
14.6484	0.216422
16.1133	0.216422
16.1133	0.216422
21.0937	0.216422
21.0937	0.216422
17.8711	0.216422
17.8711	0.216422
16.1133	0.216422
16.1133	0.216422
20.8008	0.216422
20.8008	0.216422
23.1445	0.216422
23.1445	0.216422
15.2344	0.216422
15.2344	0.216422
14.9414	0.216422
14.9414	0.216422
21.6797	0.216422
21.6797	0.216422
24.6094	0.216422
24.6094	0.216422
20.2148	0.216422
20.2148	0.216422
22.8516	0.216422
22.8516	0.216422
22.8516	0.216422
24.3164	0.216422
24.3164	0.216422
24.9023	0.216422
24.9023	0.240469
29.2969	0.240469
29.2969	0.240469
29.5898	0.240469
29.5898	0.240469
30.7617	0.240469
30.7617	0.240469
33.9844	0.240469
33.9844	0.252493
39.5508	0.252493
39.5508	0.252493
39.8437	0.252493
39.8437	0.252493
41.6016	0.252493
41.6016	0.252493
43.6523	0.252493
43.6523	0.264516
44.2383	0.264516
44.2383	0.264516
47.7539	0.264516
47.7539	0.264516
50.9766	0.264516
50.9766	0.264516
51.2695	0.264516
51.2695	0.27654
52.4414	0.27654
52.4414	0.27654
52.4414	0.27654
52.1484	0.27654
52.1484	0.27654
55.3711	0.27654
55.3711	0.27654
56.543	0.288563
56.543	0.288563
59.4727	0.288563
59.4727	0.288563
62.6953	0.288563
62.6953	0.288563
63.2812	0.288563
63.2812	0.31261
65.332	0.31261
65.332	0.31261
68.5547	0.31261
68.5547	0.31261
69.7266	0.31261
69.7266	0.31261
71.7773	0.31261
71.7773	0.324633
72.9492	0.324633
72.9492	0.324633
72.9492	0.324633
72.9492	0.324633
75.5859	0.324633
75.5859	0.324633
76.7578	0.324633
76.7578	0.324633
76.7578	0.336657
76.7578	0.336657
78.8086	0.336657
78.8086	0.336657
79.9805	0.336657
79.9805	0.336657
86.4258	0.336657
86.4258	0.336657
89.6484	0.34868
89.6484	0.34868
91.1133	0.34868
91.1133	0.34868
91.9922	0.34868
91.9922	0.34868
93.1641	0.34868
93.1641	0.34868
95.2148	0.372727
95.2148	0.372727
100.488	0.372727
100.488	0.372727
99.6094	0.372727
99.6094	0.372727
97.8516	0.372727
97.8516	0.372727
99.0234	0.372727
99.0234	0.372727
99.6094	0.372727
99.6094	0.372727
105.469	0.372727
105.469	0.372727
108.105	0.372727
108.105	0.372727
109.277	0.396774
109.277	0.396774
111.035	0.396774
111.035	0.396774
113.086	0.396774
113.086	0.396774
116.016	0.396774
116.016	0.396774
115.723	0.408798
115.723	0.408798
115.137	0.408798
115.137	0.408798
115.43	0.408798
115.43	0.408798
119.238	0.408798
119.238	0.408798
124.805	0.432845
124.805	0.432845
127.441	0.432845
127.441	0.432845
130.078	0.432845
130.078	0.432845
131.543	0.432845
131.543	0.432845
133.008	0.432845
133.008	0.432845
131.25	0.432845
131.25	0.432845
134.473	0.432845
134.473	0.432845
136.23	0.432845
136.23	0.432845
134.766	0.456891
134.766	0.456891
137.988	0.456891
137.988	0.456891
141.504	0.456891
141.504	0.456891
143.848	0.456891
143.848	0.456891
146.191	0.468915
146.191	0.468915
148.828	0.468915
148.828	0.468915
150.879	0.468915
150.879	0.468915
151.758	0.468915
151.758	0.468915
152.344	0.492962
152.344	0.492962
153.809	0.492962
153.809	0.492962
154.98	0.492962
154.98	0.492962
156.445	0.492962
156.445	0.492962
159.375	0.492962
159.375	0.492962
160.547	0.492962
160.547	0.492962
161.719	0.492962
161.719	0.492962
164.941	0.492962
164.941	0.492962
167.285	0.517009
167.285	0.517009
167.871	0.517009
167.871	0.517009
171.387	0.517009
171.387	0.517009
173.437	0.517009
173.437	0.517009
174.902	0.529032
174.902	0.529032
176.66	0.529032
176.66	0.529032
176.367	0.529032
176.367	0.529032
176.367	0.529032
176.367	0.529032
176.367	0.529032
179.297	0.529032
179.297	0.529032
179.59	0.529032
179.59	0.529032
181.641	0.529032
181.641	0.529032
183.398	0.529032
183.398	0.553079
186.328	0.553079
186.328	0.553079
193.066	0.553079
193.066	0.553079
194.238	0.553079
194.238	0.553079
195.996	0.553079
195.996	0.577126
196.289	0.577126
196.289	0.577126
197.168	0.577126
197.168	0.577126
202.148	0.577126
202.148	0.577126
203.613	0.577126
203.613	0.58915
206.836	0.58915
206.836	0.58915
208.301	0.58915
208.301	0.58915
204.785	0.58915
204.785	0.58915
205.664	0.58915
205.664	0.58915
207.715	0.58915
207.715	0.58915
210.937	0.58915
210.937	0.58915
213.574	0.58915
213.574	0.58915
212.695	0.58915
212.695	0.613196
216.211	0.613196
216.211	0.613196
218.262	0.613196
218.262	0.613196
221.191	0.613196
221.191	0.613196
222.07	0.613196
222.07	0.62522
224.414	0.62522
224.414	0.62522
229.687	0.62522
229.687	0.62522
231.152	0.62522
231.152	0.62522
230.273	0.62522
230.273	0.649267
231.738	0.649267
231.738	0.649267
235.547	0.649267
235.547	0.649267
232.031	0.649267
232.031	0.649267
234.082	0.649267
234.082	0.649267
234.961	0.649267
234.961	0.649267
237.305	0.649267
237.305	0.649267
239.648	0.649267
239.648	0.649267
243.457	0.649267
243.457	0.673314
244.043	0.673314
244.043	0.673314
247.852	0.673314
247.852	0.673314
248.145	0.673314
248.145	0.673314
249.609	0.673314
249.609	0.685337
255.176	0.685337
255.176	0.685337
258.105	0.685337
258.105	0.685337
257.227	0.685337
257.227	0.685337
255.762	0.685337
255.762	0.697361
254.59	0.697361
254.59	0.697361
263.086	0.697361
263.086	0.697361
265.137	0.697361
265.137	0.697361
266.016	0.697361
266.016	0.709384
264.844	0.709384
264.844	0.709384
265.723	0.709384
265.723	0.709384
271.582	0.709384
271.582	0.709384
272.754	0.709384
272.754	0.733431
275.098	0.733431
275.098	0.733431
277.734	0.733431
277.734	0.733431
278.613	0.733431
278.613	0.733431
280.078	0.733431
280.078	0.745455
282.129	0.745455
282.129	0.745455
280.957	0.745455
280.957	0.745455
281.836	0.745455
281.836	0.745455
283.008	0.745455
283.008	0.757478
288.867	0.757478
288.867	0.757478
291.211	0.757478
291.211	0.757478
290.332	0.757478
290.332	0.757478
290.625	0.757478
290.625	0.769501
297.363	0.769501
297.363	0.769501
299.121	0.769501
299.121	0.769501
300.879	0.769501
300.879	0.769501
301.465	0.769501
301.465	0.793548
301.758	0.793548
301.758	0.793548
304.102	0.793548
304.102	0.793548
307.91	0.793548
307.91	0.793548
306.445	0.793548
306.445	0.805572
307.324	0.805572
307.324	0.805572
310.254	0.805572
310.254	0.805572
314.062	0.805572
314.062	0.805572
316.113	0.805572
316.113	0.817595
316.699	0.817595
316.699	0.817595
319.922	0.817595
319.922	0.817595
319.629	0.817595
319.629	0.817595
319.043	0.817595
319.043	0.829619
325.195	0.829619
325.195	0.829619
325.488	0.829619
325.488	0.829619
326.66	0.829619
326.66	0.829619
329.004	0.829619
329.004	0.829619
326.953	0.829619
326.953	0.829619
328.125	0.829619
328.125	0.829619
331.348	0.829619
331.348	0.829619
329.297	0.829619
329.297	0.829619
326.66	0.829619
326.66	0.829619
326.953	0.829619
326.953	0.829619
333.691	0.829619
333.691	0.826246
333.984	0.826246
333.984	0.850196
335.156	0.850196
335.156	0.850196
334.277	0.850196
334.277	0.850196
333.691	0.850196
333.691	0.853666
335.156	0.853666
335.156	0.841642
333.105	0.841642
333.105	0.841642
333.984	0.841642
333.984	0.841642
335.156	0.841642
335.156	0.841642
333.105	0.841642
333.105	0.841642
333.398	0.841642
333.398	0.841642
334.57	0.841642
334.57	0.841642
333.105	0.841642
333.105	0.838221
333.984	0.838221
333.984	0.850196
334.277	0.850196
334.277	0.850196
333.984	0.850196
333.984	0.850196
335.156	0.850196
335.156	0.850196
356.25	0.850196
356.25	1.01784
391.113	1.01784
391.113	1.01784
415.43	1.01784
415.43	1.01784
423.926	1.01784
423.926	1.01784
422.461	1.01784
422.461	1.01784
424.805	1.01784
424.805	1.01784
423.926	1.01784
423.926	1.01784
423.047	1.01784
423.047	0.984604
493.945	0.984604
493.945	1.20469
525.293	1.20469
525.293	1.20469
532.617	1.20469
532.617	1.20469
535.254	1.20469
535.254	1.21486
534.961	1.21486
534.961	1.39008
552.539	1.39008
552.539	1.39008
592.969	1.39008
592.969	1.39008
623.145	1.39008
623.145	1.39008
632.52	1.39008
632.52	1.40176
634.57	1.40176
634.57	1.40176
636.328	1.40176
636.328	1.40176
636.621	1.40176
636.621	1.3783
644.238	1.3783
644.238	1.57356
678.223	1.57356
678.223	1.57356
716.309	1.57356
716.309	1.57356
738.281	1.57356
738.281	1.58695
738.281	1.58695
743.262	1.77229
743.262	1.77229
782.52	1.77229
782.52	1.77229
817.676	1.77229
817.676	1.77229
832.031	1.76481
832.031	1.76481
841.699	1.76481
841.699	1.76481
846.973	1.76481
846.973	1.76481
880.078	1.76481
880.078	1.76481
914.648	1.75733
914.648	1.75733
931.641	1.92962
931.641	1.92962
941.895	1.92962
941.895	1.92962
948.926	1.92962
948.926	1.92962
985.254	1.92141
985.254	1.92141
1013.96	2.11584
1013.96	2.11584
1033.3	2.11584
1033.3	2.11584
1047.07	2.11584
1047.07	2.11584
1056.45	2.11584
1056.45	2.11584
1103.03	2.31026
1103.03	2.31026
1128.52	2.31026
1128.52	2.31026
1145.51	2.31026
1145.51	2.31026
1158.11	2.31026
1158.11	2.31026
1169.53	2.31026
1169.53	2.31026
1190.33	2.31026
1190.33	2.31026
1207.91	2.31026
1207.91	2.31026
1226.66	2.34976
1226.66	2.34976
1240.14	2.48935
1240.14	2.48935
1249.51	2.48935
1249.51	2.48935
1262.7	2.48935
1262.7	2.48935
1277.05	2.47889
1277.05	2.47889
1300.2	2.66422
1300.2	2.66422
1320.7	2.66422
1320.7	2.66422
1334.47	2.66422
1334.47	2.66422
1353.22	2.67546
1353.22	2.67546
1357.62	2.66383
1357.62	2.66383
1358.79	2.66383
1358.79	2.66383
1358.79	2.66383
1397.46	2.66383
1397.46	2.66383
1421.48	2.65264
1421.48	2.84956
1438.48	2.84956
1438.48	2.84956
1448.73	2.84956
1448.73	2.84956
1456.64	2.84956
1456.64	2.83754
1471.58	2.83754
1471.58	3.04516
1497.95	3.04516
1497.95	3.04516
1536.62	3.04516
1536.62	3.04516
1536.62	3.04516
1547.46	3.05806
1547.46	3.0349
1549.51	3.0349
1549.51	3.0349
1553.32	3.0349
1553.32	3.0349
1553.32	3.0349
1566.21	3.0349
1566.21	3.02209
1593.16	3.02209
1593.16	3.22972
1637.7	3.22972
1637.7	3.22972
1647.36	3.22972
1647.36	3.22972
1647.36	3.22972
1650.88	3.2434
1650.88	3.2434
1654.69	3.42874
1654.69	3.42874
1676.37	3.42874
1676.37	3.42874
1704.79	3.42874
1704.79	3.42874
1735.84	3.42874
1735.84	3.42874
1741.41	3.41716
1741.41	3.41716
1744.04	3.41716
1744.04	3.41716
1744.34	3.41716
1744.34	3.41716
1743.75	3.41716
1743.75	3.41716
1744.04	3.40557
1744.04	3.40557
1750.78	3.40557
1750.78	3.40557
1774.8	3.40557
1774.8	3.40557
1804.69	3.3912
1804.69	3.58729
1824.61	3.58729
1824.61	3.58729
1836.62	3.58729
1836.62	3.58729
1836.33	3.58729
1836.33	3.58729
1836.62	3.58729
1836.62	3.58729
1836.91	3.58729
1836.91	3.58729
1836.62	3.58729
1836.62	3.58729
1862.11	3.58729
1862.11	3.58729
1895.8	3.57209
1895.8	3.57209
1919.82	3.76735
1919.82	3.76735
1928.61	3.76735
1928.61	3.76735
1933.59	3.76735
1933.59	3.76735
1935.64	3.78338
1935.64	3.78338
1934.47	3.77185
1934.47	3.77185
1931.84	3.77185
1931.84	3.77185
1945.02	3.77185
1945.02	3.77185
1975.2	3.73988
1975.2	3.73988
2024.41	3.94575
2024.41	3.94575
2032.62	3.94575
2032.62	3.94575
2032.03	3.94575
2032.03	3.94575
2034.37	3.96261
2034.37	3.96261
2032.62	3.96261
2032.62	3.96261
2028.52	3.96261
2028.52	3.96261
2035.25	3.96261
2035.25	3.96261
2045.21	3.92889
2045.21	3.92889
2074.22	4.12248
2074.22	4.12248
2104.98	4.12248
2104.98	4.12248
2118.46	4.12248
2118.46	4.12248
2123.14	4.15787
2123.14	4.15787
2124.32	4.1349
2124.32	4.1349
2124.61	4.1349
2124.61	4.1349
2122.56	4.1349
2122.56	4.1349
2122.56	4.08211
2133.69	4.08211
2133.69	4.3089
2133.69	4.3089
2194.04	4.3089
2194.04	4.3089
2208.69	4.3089
2208.69	4.3089
2216.31	4.36461
2216.31	4.36461
2217.19	4.33016
2217.19	4.33016
2217.19	4.33016
2217.19	4.33016
2218.65	4.33016
2218.65	4.33016
2215.72	4.33016
2215.72	4.33016
2215.14	4.33016
2215.14	4.33016
2218.95	4.33016
2218.95	4.33016
2241.5	4.33016
2241.5	4.33016
2279	4.2933
2279	4.2933
2303.32	4.49829
2303.32	4.49829
2311.82	4.49829
2311.82	4.49829
2313.87	4.49829
2313.87	4.49829
2314.16	4.5369
2314.16	4.5369
2314.16	4.51393
2314.16	4.51393
2315.33	4.51393
2315.33	4.51393
2314.45	4.51393
2314.45	4.51393
2312.7	4.51393
2312.7	4.51393
2315.62	4.72067
2315.62	4.72067
2315.62	4.72067
2335.25	4.72067
2335.25	4.72067
2396.78	4.72067
2396.78	4.6805
2405.86	4.6805
2405.86	4.6805
2407.32	4.6805
2407.32	4.6805
2408.79	4.6805
2408.79	4.6805
2410.25	4.6805
2410.25	4.70059
2409.67	4.70059
2409.67	4.68915
2409.37	4.68915
2409.37	4.68915
2408.2	4.68915
2408.2	4.68915
2409.67	4.68915
2409.67	4.62903
2424.32	4.62903
2424.32	4.83226
2484.37	4.83226
2484.37	4.83226
2496.39	4.83226
2496.39	4.83226
2499.61	4.83226
2499.61	4.89501
2500.78	4.89501
2500.78	4.87214
2502.83	4.87214
2502.83	4.87214
2501.37	4.87214
2501.37	4.87214
2501.37	4.87214
2501.37	4.87214
2501.37	4.87214
2499.61	4.87214
2499.61	4.87214
2507.52	4.87214
2507.52	4.87214
2538.87	4.87214
2538.87	4.87214
2538.87	4.87214
2591.6	4.85132
2591.6	5.04492
2598.93	5.04492
2598.93	5.04492
2597.17	5.04492
2597.17	5.04492
2595.12	5.04492
2595.12	5.04492
2597.46	5.04492
2597.46	5.0563
2599.22	5.0563
2599.22	5.0563
2600.68	5.0563
2600.68	5.0563
2599.51	5.0563
2599.51	5.0563
2613.57	4.9912
2613.57	5.20479
2678.32	5.20479
2678.32	5.20479
2690.92	5.20479
2690.92	5.20479
2692.97	5.20479
2692.97	5.27268
2693.85	5.27268
2693.85	5.22713
2695.02	5.22713
2695.02	5.22713
2692.97	5.22713
2692.97	5.22713
2692.68	5.22713
2692.68	5.22713
2693.85	5.22713
2693.85	5.22713
2695.61	5.22713
2695.61	5.22713
2694.73	5.22713
2694.73	5.22713
2735.74	5.22713
2735.74	5.18226
2766.8	5.18226
2766.8	5.39677
2783.5	5.39677
2783.5	5.39677
2788.18	5.39677
2788.18	5.39677
2791.7	5.39677
2791.7	5.4435
2789.94	5.4435
2789.94	5.43211
2789.65	5.43211
2789.65	5.43211
2790.23	5.43211
2790.23	5.43211
2788.48	5.43211
2788.48	5.43211
2790.82	5.43211
2790.82	5.42072
2789.94	5.42072
2789.94	5.42072
2791.7	5.42072
2791.7	5.42072
2790.82	5.42072
2790.82	5.39746
2788.48	5.39746
2788.48	5.42014
2795.51	5.42014
2795.51	5.42014
2816.31	5.42014
2816.31	5.42014
2850.88	5.42014
2850.88	5.42014
2869.34	5.42014
2869.34	5.59022
2873.44	5.59022
2873.44	5.59022
2873.14	5.59022
2873.14	5.59022
2874.61	5.59022
2874.61	5.61432
2876.07	5.61432
2876.07	5.61432
2877.54	5.61432
2877.54	5.61432
2877.83	5.61432
2877.83	5.61432
2877.83	5.61432
2878.71	5.59022
2878.71	5.59022
2878.71	5.59022
2879.59	5.59022
2879.59	5.59022
2878.12	5.59022
2878.12	5.59022
2878.42	5.59022
2878.42	5.59022
2879.88	5.59022
2879.88	5.78299
2879.88	5.78299
2886.91	5.78299
2886.91	5.78299
2913.28	5.78299
2913.28	5.78299
2968.36	5.75806
2968.36	5.75806
2976.27	5.75806
2976.27	5.75806
2978.91	5.75806
2978.91	5.75806
2979.2	5.75806
2979.2	5.75806
2978.32	5.78299
2978.32	5.78299
2976.27	5.77165
2976.27	5.77165
2976.27	5.77165
2976.27	5.77165
2976.86	5.77165
2976.86	5.77165
2977.73	5.77165
2977.73	5.77165
2978.91	5.78299
2978.91	5.78299
2979.49	5.78299
2979.49	5.78299
2978.91	5.78299
2978.91	5.78299
2978.61	5.78299
2978.61	5.78299
2978.03	5.78299
2978.03	5.78299
2977.15	5.78299
2977.15	5.78299
2979.79	5.78299
2979.79	5.78299
2978.91	5.75806
2978.91	5.75806
2991.21	6.01774
2991.21	6.01774
3023.73	6.01774
3023.73	6.01774
3069.14	6.01774
3069.14	6.01774
3074.12	6.04379
3074.12	6.04379
3076.76	5.96442
3076.76	5.96442
3076.17	5.96442
3076.17	5.96442
3076.17	5.96442
3076.17	5.96442
3076.17	5.96442
3076.17	5.96442
3076.46	5.96442
3076.46	5.96442
3075	5.96442
3075	5.96442
3076.46	5.96442
3076.46	5.96442
3093.16	5.913
3093.16	5.913
3093.16	6.14907
3156.45	6.14907
3156.45	6.14907
3167.87	6.14907
3167.87	6.14907
3172.27	6.14907
3172.27	6.20254
3170.51	6.20254
3170.51	6.17986
3170.51	6.17986
3170.8	6.17986
3170.8	6.17986
3174.02	6.17986
3174.02	6.17986
3187.5	6.07331
3187.5	6.29619
3216.8	6.29619
3216.8	6.29619
3246.97	6.29619
3246.97	6.29619
3265.14	6.29619
3265.14	6.29619
3265.14	6.37903
3265.14	6.37903
3266.02	6.32258
3266.02	6.32258
3264.55	6.32258
3264.55	6.32258
3262.79	6.32258
3262.79	6.32258
3266.02	6.32258
3266.02	6.32258
3271	6.58226
3271	6.58226
3271	6.58226
3292.09	6.58226
3292.09	6.58226
3348.05	6.58226
3348.05	6.58226
3355.66	6.58226
3355.66	6.52581
3356.54	6.52581
3356.54	6.52581
3355.66	6.52581
3355.66	6.52581
3355.96	6.52581
3355.96	6.52581
3356.84	6.52581
3356.84	6.70645
3360.06	6.70645
3360.06	6.70645
3380.57	6.70645
3380.57	6.70645
3413.96	6.70645
3413.96	6.67742
3441.21	6.67742
3441.21	6.68866
3455.86	6.68866
3455.86	6.68866
3456.45	6.68866
3456.45	6.68866
3457.62	6.68866
3457.62	6.71774
3458.2	6.71774
3458.2	6.71774
3455.86	6.71774
3455.86	6.71774
3474.61	6.71774
3474.61	6.71774
3508.01	6.71774
3508.01	6.65958
3534.96	6.65958
3534.96	6.82747
3547.85	6.82747
3547.85	6.82747
3551.95	6.82747
3551.95	6.82747
3555.18	6.82747
3555.18	6.85728
3556.64	6.85728
3556.64	6.84604
3556.93	6.84604
3556.93	6.84604
3558.98	6.84604
3558.98	6.84604
3565.14	6.84604
3565.14	6.78651
3619.63	6.78651
3619.63	7.03167
3641.31	7.03167
3641.31	7.03167
3651.86	7.03167
3651.86	7.03167
3655.08	7.03167
3655.08	7.12419
3655.08	7.12419
3655.08	7.09032
3653.91	7.09032
3653.91	7.09032
3653.32	7.09032
3653.32	7.09032
3653.03	7.09032
3653.03	7.09032
3653.32	7.09032
3653.32	7.35
3681.74	7.35
3681.74	7.35
3713.09	7.35
3713.09	7.35
3734.47	7.35
3734.47	7.31818
3744.14	7.31818
3744.14	7.21701
3747.36	7.21701
3747.36	7.21701
3748.24	7.21701
3748.24	7.21701
3744.14	7.21701
3744.14	7.21701
3743.85	7.21701
3743.85	7.47556
3743.85	7.47556
3775.78	7.47556
3775.78	7.47556
3805.66	7.47556
3805.66	7.47556
3828.52	7.47556
3828.52	7.47556
3828.52	7.4306
3840.53	7.4306
3840.53	7.4306
3843.16	7.4306
3843.16	7.4306
3843.75	7.4306
3843.75	7.4306
3844.34	7.4306
3844.34	7.41935
3840.23	7.41935
3840.23	7.41935
3842.29	7.41935
3842.29	7.41935
3842.29	7.41935
3842.29	7.41935
3844.34	7.41935
3844.34	7.4306
3844.34	7.4306
3844.34	7.4306
3843.46	7.4306
3843.46	7.4306
3844.63	7.4306
3844.63	7.4306
3846.09	7.4306
3846.09	7.41935
3842.87	7.41935
3842.87	7.41935
3842.87	7.41935
3842.87	7.41935
3895.02	7.41935
3895.02	7.35484
3895.02	7.35484
3929.3	7.57771
3929.3	7.57771
3936.33	7.57771
3936.33	7.57771
3941.31	7.57771
3941.31	7.57771
3941.31	7.64418
3937.5	7.64418
3937.5	7.61046
3937.5	7.61046
3941.02	7.61046
3941.02	7.61046
3939.26	7.61046
3939.26	7.61046
3939.55	7.57737
3939.55	7.57737
3950.39	7.87957
3950.39	7.87957
3971.78	7.87957
3971.78	7.87957
3997.27	7.87957
3997.27	7.87957
4029.79	7.87957
4029.79	7.87957
4032.13	7.79003
4032.13	7.79003
4036.52	7.79003
4036.52	7.79003
4034.47	7.79003
4034.47	7.79003
4033.59	7.82405
4033.59	7.82405
4033.3	7.81281
4033.3	7.81281
4034.77	7.81281
4034.77	7.81281
4034.18	7.81281
4034.18	7.81281
4036.82	7.7109
4036.82	7.7109
4058.79	7.96608
4058.79	7.96608
4103.61	7.96608
4103.61	7.96608
4116.8	7.96608
4116.8	7.96608
4120.31	8.03627
4120.31	8.03627
4124.71	7.95792
4124.71	7.95792
4125.59	7.95792
4125.59	7.95792
4125.59	7.95792
4125.59	7.95792
4125.29	7.99267
4125.29	7.99267
4124.41	7.99267
4124.41	7.99267
4123.24	7.99267
4123.24	7.99267
4125.88	7.99267
4125.88	7.99267
4133.79	7.88842
4133.79	7.88842
4154.88	8.16579
4154.88	8.16579
4179.79	8.16579
4179.79	8.16579
4196.19	8.16579
4196.19	8.16579
4215.82	8.23773
4215.82	8.23773
4220.21	8.17058
4220.21	8.17058
4223.44	8.17058
4223.44	8.17058
4224.9	8.17058
4224.9	8.17058
4224.02	8.20626
4224.02	8.20626
4225.49	8.18377
4225.49	8.18377
4224.9	8.18377
4224.9	8.18377
4230.18	8.18377
4230.18	8.18377
4247.46	8.07703
4247.46	8.07703
4291.11	8.29892
4291.11	8.29892
4291.11	8.29892
4302.83	8.29892
4302.83	8.29892
4312.5	8.29892
4312.5	8.37204
4318.65	8.37204
4318.65	8.34966
4318.95	8.34966
4318.95	8.34966
4319.24	8.34966
4319.24	8.34966
4320.41	8.34966
4320.41	8.24027
4321.29	8.24027
4321.29	8.50538
4337.99	8.50538
4337.99	8.50538
4375.2	8.50538
4375.2	8.50538
4389.55	8.50538
4389.55	8.61828
4396.58	8.61828
4396.58	8.55112
4401.86	8.55112
4401.86	8.55112
4407.71	8.55112
4407.71	8.55112
4408.3	8.55112
4408.3	8.55112
4411.23	8.55112
4411.23	8.53993
4409.77	8.53993
4409.77	8.53993
4410.64	8.53993
4410.64	8.53993
4434.37	8.53993
4434.37	8.46535
4453.12	8.46535
4453.12	8.68724
4470.12	8.68724
4470.12	8.68724
4478.61	8.68724
4478.61	8.68724
4483.3	8.68724
4483.3	8.72551
4488.87	8.72551
4488.87	8.69208
4497.07	8.69208
4497.07	8.69208
4497.07	8.69208
4497.07	8.69208
4500.59	8.69208
4500.59	8.73021
4502.93	8.73021
4502.93	8.99883
4503.81	8.99883
4503.81	8.99883
4536.91	8.99883
4536.91	8.99883
4553.32	8.99883
4565.92	8.95953
4565.92	8.89267
4565.92	8.89267
4571.48	8.89267
4571.48	8.89267
4583.79	8.89267
4583.79	8.89267
4586.13	8.89267
4586.13	8.89267
4591.7	8.89267
4591.7	9.1824
4604.88	9.1824
4604.88	9.1824
4621.29	9.1824
4621.29	9.1824
4637.11	9.1824
4637.11	9.1824
4658.79	9.1824
4658.79	9.08211
4663.48	9.08211
4663.48	9.08211
4668.75	9.08211
4668.75	9.08211
4673.73	9.08211
4673.73	9.08211
4673.73	9.08211
4673.73	9.24927
4677.25	9.24927
4677.25	9.24927
4694.82	9.24927
4694.82	9.24927
4717.97	9.24927
4717.97	9.2087
4734.96	9.2087
4734.96	9.25308
4753.71	9.25308
4753.71	9.25308
4758.11	9.25308
4758.11	9.25308
4761.04	9.25308
4761.04	9.29384
4762.79	9.29384
4762.79	9.26041
4764.55	9.26041
4764.55	9.26041
4768.36	9.26041
4768.36	9.26041
4787.4	9.26041
4787.4	9.13856
4810.25	9.13856
4810.25	9.40249
4826.66	9.40249
4826.66	9.40249
4835.74	9.40249
4835.74	9.40249
4843.36	9.40249
4843.36	9.52786
4844.24	9.52786
4844.24	9.44985
4844.53	9.44985
4844.53	9.44985
4844.53	9.44985
4844.53	9.44985
4845.12	9.44985
4845.12	9.44985
4846.29	9.44985
4846.29	9.44985
4846.87	9.44985
4846.87	9.44985
4846.87	9.44985
4846.87	9.44985
4847.46	9.44985
4847.46	9.28407
4853.32	9.28407
4853.32	9.63441
4872.07	9.63441
4872.07	9.63441
4917.19	9.63441
4917.19	9.63441
4927.44	9.63441
4927.44	9.80645
4931.54	9.6393
4931.54	9.6393
4933.3	9.6393
4933.3	9.6393
4933.3	9.6393
4933.3	9.6393
4933.89	9.6393
4933.89	9.59702
4935.06	9.59702
4935.06	9.60811
4935.94	9.60811
4935.94	9.60811
4935.35	9.60811
4935.35	9.60811
4935.06	9.60811
4935.06	9.65044
4935.94	9.65044
4935.94	9.6393
4935.94	9.6393
4935.94	9.6393
4935.94	9.6393
4936.52	9.6393
4936.52	9.6393
4938.28	9.59702
4938.28	9.59702
4937.99	9.59702
4937.99	9.59702
4935.94	9.59702
4935.94	9.59702
4936.23	9.59702
4936.23	9.59702
4937.7	9.59702
4937.7	9.59702
4936.23	9.60811
4936.23	9.60811
4936.52	9.60811
4936.52	9.60811
4938.87	9.60811
4938.87	9.60811
4938.87	9.65044
4938.87	9.65044
4937.11	9.62815
4937.11	9.62815
4936.52	9.62815
4936.52	9.62815
4937.7	9.62815
4937.7	9.62815
4938.57	9.62815
4938.57	9.62815
4937.7	9.6393
4937.7	9.6393
4939.45	9.6393
4939.45	9.6393
4940.04	9.6393
4940.04	9.6393
4937.7	9.6393
4937.7	9.6393
4936.23	9.62815
4936.23	9.62815
4937.4	9.62815
4937.4	9.62815
4937.7	9.62815
4937.7	9.62815
4937.7	9.62815
4937.7	9.62815
4937.99	9.65044
4937.99	9.65044
4939.16	9.65044
4939.16	9.65044
4945.61	9.65044
4945.61	9.65044
4967.87	9.43881
4967.87	9.43881
4998.63	9.72219
4998.63	9.72219
5018.85	9.72219
5018.85	9.72219
5028.81	9.72219
5028.81	9.72219
5032.32	9.89658
5032.32	9.89658
5031.15	9.80782
5031.15	9.80782
5031.45	9.80782
5031.45	9.80782
5032.62	9.80782
5032.62	9.80782
5034.08	9.80782
5034.08	9.80782
5032.03	9.79673
5032.03	9.79673
5027.34	9.79673
5027.34	9.79673
5010.94	9.79673
5010.94	9.79673
4992.19	9.9262
4992.19	9.9262
4975.2	9.66764
4975.2	9.66764
4961.13	9.66764
4961.13	9.66764
4948.83	9.66764
4948.83	9.66764
4936.82	9.70968
4936.82	9.70968
4915.72	9.48387
4915.72	9.48387
4898.14	9.48387
4898.14	9.48387
4887.01	9.48387
4887.01	9.48387
4872.66	9.40176
4872.66	9.40176
4868.55	9.45772
4868.55	9.45772
4864.45	9.45772
4864.45	9.45772
4858.3	9.45772
4858.3	9.45772
4843.07	9.49902
4843.07	9.49902
4805.86	9.27419
4805.86	9.27419
4805.86	9.27419
4794.43	9.27419
4794.43	9.27419
4782.71	9.27419
4782.71	9.23387
4779.79	9.23387
4779.79	9.01002
4771	9.01002
4771	9.01002
4750.78	9.01002
4750.78	9.01002
4728.22	9.01002
4728.22	9.01002
4703.91	9.01002
4703.91	9.06598
4698.93	9.06598
4698.93	9.06598
4696	9.06598
4696	9.06598
4694.82	9.06598
4694.82	9.06598
4691.31	9.06598
4691.31	8.80855
4679	8.80855
4679	8.80855
4654.1	8.80855
4654.1	8.80855
4628.61	8.80855
4628.61	8.84702
4628.61	8.84702
4606.35	8.91447
4606.35	8.91447
4604.88	8.91447
4604.88	8.91447
4604	8.91447
4604	8.91447
4604.88	8.87571
4604.88	8.87571
4602.25	8.69663
4602.25	8.69663
4591.41	8.69663
4591.41	8.69663
4565.92	8.69663
4565.92	8.69663
4536.33	8.7346
4536.33	8.7346
4509.96	8.7346
4509.96	8.7346
4508.79	8.7346
4508.79	8.7346
4510.55	8.7346
4510.55	8.7346
4509.96	8.69663
4509.96	8.69663
4508.5	8.69663
4508.5	8.69663
4508.5	8.69663
4508.5	8.69663
4510.84	8.69663
4510.84	8.69663
4507.91	8.7346
4507.91	8.7346
4500	8.4086
4500	8.4086
4477.73	8.4086
4477.73	8.4086
4446.97	8.4086
4446.97	8.4086
4422.07	8.4086
4422.07	8.4086
4422.36	8.5435
4422.36	8.5435
4421.78	8.5435
4421.78	8.5435
4422.36	8.5435
4422.36	8.5435
4426.17	8.5435
4426.17	8.5435
4422.07	8.5435
4422.07	8.5435
4426.17	8.5435
4426.17	8.5435
4422.07	8.5435
4422.07	8.5435
4411.82	8.65494
4411.82	8.65494
4356.74	8.39301
4356.74	8.39301
4356.74	8.39301
4336.82	8.39301
4336.82	8.39301
4332.13	8.39301
4332.13	8.28495
4328.61	8.28495
4328.61	8.35239
4329.2	8.35239
4329.2	8.35239
4328.61	8.35239
4328.61	8.35239
4333.01	8.35239
4333.01	8.35239
4333.3	8.35239
4333.3	8.35239
4332.13	8.35239
4332.13	8.35239
4318.65	8.35239
4318.65	8.35239
4289.94	8.35239
4289.94	8.42502
4257.42	8.42502
4240.43	8.20958
4240.43	8.20958
4240.43	8.20958
4232.81	8.20958
4232.81	8.20958
4233.69	8.20958
4233.69	8.20958
4233.11	8.13881
4233.11	8.16129
4234.86	8.16129
4234.86	8.16129
4233.98	8.16129
4233.98	8.16129
4233.98	8.16129
4233.98	8.16129
4233.98	8.16129
4235.45	8.16129
4235.45	8.16129
4236.04	8.16129
4236.04	8.16129
4231.64	8.16129
4231.64	8.16129
4209.67	8.26774
4209.67	8.26774
4209.67	8.00582
4149.9	8.00582
4149.9	8.00582
4140.53	8.00582
4140.53	8.00582
4136.72	8.00582
4136.72	7.90274
4139.94	7.90274
4139.94	7.97019
4139.36	7.97019
4139.36	7.97019
4139.94	7.97019
4139.94	7.97019
4139.94	7.97019
4139.94	7.97019
4139.94	7.97019
4139.94	7.97019
4140.82	7.97019
4140.82	7.97019
4140.53	7.97019
4140.53	7.97019
4141.41	7.97019
4141.41	8.00484
4140.82	8.00484
4140.82	7.72258
4135.25	7.72258
4135.25	7.72258
4112.4	7.72258
4112.4	7.72258
4056.74	7.72258
4056.74	7.68915
4047.66	7.68915
4047.66	7.79032
4047.36	7.79032
4047.36	7.79032
4045.61	7.79032
4045.61	7.79032
4044.43	7.79032
4044.43	7.82419
4047.95	7.82419
4047.95	7.8129
4047.07	7.8129
4047.07	7.8129
4048.83	7.8129
4048.83	7.8129
4040.33	7.8129
4040.33	7.91437
4014.26	7.91437
4014.26	7.66276
3957.13	7.66276
3957.13	7.66276
3949.8	7.66276
3949.8	7.66276
3949.8	7.66276
3949.8	7.56452
3948.93	7.56452
3948.93	7.62097
3952.73	7.62097
3952.73	7.62097
3951.86	7.62097
3951.86	7.62097
3949.51	7.62097
3949.51	7.62097
3950.98	7.62097
3950.98	7.44032
3950.39	7.44032
3950.39	7.44032
3932.81	7.44032
3932.81	7.44032
3869.82	7.44032
3869.82	7.44032
3856.64	7.44032
3856.64	7.42903
3850.2	7.42903
3850.2	7.42903
3849.32	7.42903
3849.32	7.42903
3852.83	7.42903
3852.83	7.42903
3852.83	7.42903
3856.64	7.44032
3856.64	7.44032
3853.12	7.44032
3853.12	7.44032
3854	7.44032
3854	7.44032
3847.27	7.60137
3847.27	7.60137
3822.07	7.28993
3822.07	7.28993
3785.45	7.28993
3785.45	7.28993
3764.06	7.28993
3764.06	7.28993
3757.62	7.16637
3757.62	7.16637
3757.62	7.25709
3757.62	7.25709
3758.5	7.25709
3758.5	7.25709
3759.67	7.25709
3759.67	7.25709
3758.2	7.25709
3758.2	7.25709
3759.67	7.26843
3759.67	7.26843
3760.84	7.26843
3760.84	7.26843
3746.78	7.26843
3746.78	7.26843
3715.14	7.29976
3715.14	7.29976
3684.67	7.10616
3684.67	7.10616
3667.09	7.10616
3667.09	7.10616
3668.55	7.10616
3668.55	7.10616
3668.55	7.07566
3668.55	7.07566
3668.55	7.07566
3667.09	7.07566
3667.09	7.07566
3666.21	7.07566
3666.21	7.07566
3666.21	7.07566
3666.21	7.10616
3667.09	7.10616
3667.09	6.79868
3622.56	6.79868
3622.56	6.79868
3587.7	6.79868
3587.7	6.79868
3567.19	6.79868
3567.19	6.7695
3564.55	6.7695
3564.55	6.90557
3567.19	6.90557
3567.19	6.90557
3575.68	6.90557
3575.68	6.90557
3574.51	6.90557
3574.51	6.93534
3572.17	6.93534
3572.17	6.90117
3568.07	6.90117
3568.07	6.90117
3565.72	6.90117
3565.72	6.90117
3547.27	6.90117
3547.27	6.96041
3513.28	6.96041
3513.28	6.74218
3486.91	6.74218
3486.91	6.74218
3476.07	6.74218
3476.07	6.74218
3474.32	6.74218
3474.32	6.65611
3476.66	6.65611
3476.66	6.70147
3475.78	6.70147
3475.78	6.70147
3476.95	6.70147
3476.95	6.70147
3478.42	6.70147
3478.42	6.70147
3478.71	6.70147
3478.71	6.5087
3466.99	6.5087
3466.99	6.5087
3439.45	6.5087
3439.45	6.5087
3405.18	6.5087
3405.18	6.53675
3383.2	6.53675
3383.2	6.51398
3377.93	6.51398
3377.93	6.51398
3375.88	6.51398
3375.88	6.51398
3377.64	6.51398
3377.64	6.51398
3378.81	6.51398
3378.81	6.52537
3380.27	6.52537
3380.27	6.52537
3381.45	6.52537
3381.45	6.52537
3368.55	6.52537
3368.55	6.63739
3368.55	6.63739
3307.91	6.38255
3307.91	6.38255
3288.57	6.38255
3288.57	6.38255
3280.66	6.38255
3280.66	6.38255
3279.49	6.27483
3279.49	6.27483
3282.71	6.34316
3282.71	6.34316
3283.89	6.34316
3283.89	6.34316
3282.42	6.34316
3282.42	6.34316
3283.3	6.34316
3283.3	6.34316
3283.59	6.13817
3283.59	6.13817
3270.41	6.13817
3270.41	6.13817
3241.41	6.13817
3241.41	6.13817
3193.65	6.13817
3193.65	6.13817
3192.48	6.14956
3192.48	6.14956
3193.65	6.14956
3193.65	6.14956
3193.36	6.14956
3193.36	6.14956
3193.95	6.14956
3193.95	6.14956
3191.89	6.16095
3191.89	6.16095
3193.95	6.16095
3193.95	6.16095
3177.83	6.16095
3177.83	6.16095
3140.92	6.21383
3140.92	6.21383
3111.04	6.00709
3111.04	6.00709
3095.21	6.00709
3095.21	6.00709
3096.97	6.00709
3096.97	6.00709
3097.27	5.95596
3097.27	5.95596
3098.44	5.95596
3098.44	5.95596
3098.14	5.95596
3098.14	5.95596
3098.14	5.95596
3099.61	5.95596
3099.61	6.08377
3091.7	6.08377
3091.7	5.80459
3025.78	5.80459
3025.78	5.80459
3004.69	5.80459
3004.69	5.80459
2996.19	5.80459
2996.19	5.70704
2997.07	5.70704
2997.07	5.7871
3000	5.7871
3000	5.7871
2998.54	5.7871
2998.54	5.7871
2998.24	5.7871
2998.24	5.76237
2998.24	5.76237
2998.24	5.76237
2998.83	5.76237
2998.83	5.76237
2997.95	5.76237
2997.95	5.76237
2996.48	5.76237
2996.48	5.86129
2948.14	5.6412
2948.14	5.6412
2917.68	5.6412
2917.68	5.6412
2917.68	5.6412
2900.1	5.6412
2900.1	5.6412
2900.68	5.56979
2900.68	5.56979
2900.1	5.59267
2900.1	5.59267
2897.46	5.59267
2897.46	5.59267
2896.58	5.59267
2896.58	5.59267
2898.05	5.59267
2898.05	5.59267
2899.8	5.3868
2899.8	5.3868
2853.52	5.3868
2853.52	5.3868
2853.52	5.3868
2824.8	5.3868
2824.8	5.40982
2811.91	5.40982
2811.91	5.44428
2810.16	5.44428
2810.16	5.44428
2809.57	5.44428
2809.57	5.44428
2813.38	5.44428
2813.38	5.42111
2813.38	5.42111
2813.38	5.40968
2810.45	5.40968
2810.45	5.40968
2812.79	5.40968
2812.79	5.40968
2781.74	5.40968
2781.74	5.47903
2743.36	5.47903
2743.36	5.27053
2719.34	5.27053
2719.34	5.27053
2712.6	5.27053
2712.6	5.27053
2710.55	5.27053
2710.55	5.27053
2712.6	5.22605
2712.6	5.23754
2712.3	5.23754
2712.3	5.23754
2711.43	5.23754
2711.43	5.23754
2712.01	5.23754
2712.01	5.23754
2712.6	5.23754
2712.6	4.98485
2680.37	4.98485
2680.37	4.98485
2644.92	4.98485
2644.92	4.98485
2623.54	4.98485
2623.54	4.98485
2615.04	4.98485
2615.04	5.06525
2616.5	5.06525
2616.5	5.06525
2616.5	5.06525
2616.5	5.06525
2618.55	5.06525
2618.55	5.06525
2617.97	5.06525
2617.97	5.05376
2616.5	5.05376
2616.5	5.05376
2612.11	5.05376
2612.11	5.05376
2588.38	5.05376
2588.38	5.09677
2553.52	5.09677
2553.52	4.89985
2526.27	4.89985
2526.27	4.89985
2517.48	4.89985
2517.48	4.89985
2520.12	4.89985
2520.12	4.87918
2520.7	4.87918
2520.7	4.89071
2520.12	4.89071
2520.12	4.89071
2518.95	4.89071
2518.95	4.89071
2519.53	4.89071
2519.53	4.91144
2520.41	4.91144
2520.41	4.64501
2468.85	4.64501
2468.85	4.64501
2438.67	4.64501
2438.67	4.64501
2426.95	4.64501
2426.95	4.60582
2426.37	4.60582
2426.37	4.68622
2428.71	4.68622
2428.71	4.68622
2429.88	4.68622
2429.88	4.68622
2428.71	4.68622
2428.71	4.70616
2428.12	4.70616
2428.12	4.70616
2428.12	4.70616
2429.3	4.70616
2429.3	4.70616
2426.07	4.70616
2426.07	4.70616
2399.12	4.74604
2399.12	4.74604
2359.86	4.53666
2359.86	4.53666
2332.91	4.53666
2332.91	4.53666
2333.2	4.53666
2333.2	4.53666
2332.62	4.49853
2332.62	4.49853
2331.45	4.51007
2331.45	4.51007
2331.15	4.51007
2331.15	4.51007
2331.74	4.51007
2331.74	4.51007
2332.32	4.49096
2332.32	4.49096
2332.62	4.49096
2332.62	4.49096
2334.96	4.49096
2334.96	4.49096
2295.41	4.49096
2295.41	4.49096
2255.57	4.52918
2255.57	4.52918
2255.57	4.34384
2237.7	4.34384
2237.7	4.34384
2234.47	4.34384
2234.47	4.34384
2235.35	4.34384
2235.35	4.32551
2237.4	4.32551
2237.4	4.31398
2236.82	4.31398
2236.82	4.31398
2234.77	4.31398
2234.77	4.31398
2235.64	4.31398
2235.64	4.35054
2227.73	4.35054
2227.73	4.10626
2197.27	4.10626
2197.27	4.10626
2163.57	4.10626
2163.57	4.10626
2143.95	4.10626
2143.95	4.07175
2140.14	4.07175
2140.14	4.12942
2141.02	4.12942
2141.02	4.12942
2142.48	4.12942
2142.48	4.12942
2140.72	4.12942
2140.72	4.14692
2140.43	4.14692
2140.43	4.14692
2141.89	4.14692
2141.89	4.14692
2140.43	4.14692
2140.43	4.14692
2138.38	4.14692
2138.38	4.18192
2136.04	4.18192
2136.04	3.94829
2113.77	3.94829
2113.77	3.94829
2077.44	3.94829
2077.44	3.94829
2043.16	3.94829
2043.16	3.89873
2045.21	3.89873
2045.21	3.94487
2046.68	3.94487
2046.68	3.94487
2046.09	3.94487
2046.09	3.94487
2047.56	3.94487
2047.56	3.96158
2046.39	3.96158
2046.39	3.96158
2048.14	3.96158
2048.14	3.96158
2044.34	3.96158
2044.34	3.96158
2017.09	3.96158
2017.09	3.96158
1957.91	3.96158
1957.91	3.77625
1951.76	3.77625
1951.76	3.77625
1950.59	3.77625
1950.59	3.77625
1952.34	3.77625
1952.34	3.77625
1951.17	3.77625
1951.17	3.77625
1952.93	3.77625
1952.93	3.77625
1950.88	3.77625
1950.88	3.77625
1953.52	3.77625
1953.52	3.77625
1953.81	3.77625
1953.81	3.52141
1944.43	3.52141
1944.43	3.52141
1874.12	3.52141
1874.12	3.52141
1857.42	3.52141
1857.42	3.52141
1852.44	3.52141
1852.44	3.59091
1853.03	3.59091
1853.03	3.59091
1855.08	3.59091
1855.08	3.59091
1855.08	3.59091
1854.2	3.59091
1854.2	3.59091
1854.2	3.59091
1854.2	3.59091
1854.2	3.59091
1854.2	3.59091
1853.03	3.59091
1853.03	3.59091
1835.74	3.63636
1835.74	3.63636
1798.54	3.42522
1798.54	3.42522
1769.53	3.42522
1769.53	3.42522
1758.4	3.42522
1758.4	3.42522
1757.81	3.3824
1757.81	3.3824
1757.81	3.39399
1759.28	3.39399
1759.28	3.39399
1760.16	3.39399
1760.16	3.39399
1758.11	3.39399
1758.11	3.39399
1757.52	3.39399
1757.52	3.1739
1751.37	3.1739
1751.37	3.1739
1685.45	3.1739
1685.45	3.1739
1670.21	3.1739
1670.21	3.18729
1668.16	3.18729
1668.16	3.23382
1666.41	3.23382
1666.41	3.23382
1666.99	3.23382
1666.99	3.23382
1668.46	3.23382
1668.46	3.23382
1668.46	3.23382
1668.46	3.02444
1658.79	3.02444
1658.79	3.02444
1625.68	3.02444
1625.68	3.02444
1587.89	3.02444
1587.89	3.02444
1569.14	3.02444
1569.14	3.03607
1570.9	3.03607
1570.9	3.03607
1569.73	3.03607
1569.73	3.03607
1568.55	3.03607
1568.55	3.03607
1569.14	3.03607
1569.14	3.03607
1570.61	3.03607
1570.61	3.03607
1570.61	3.03607
1570.61	3.03607
1567.09	3.03607
1567.09	3.07434
1536.33	3.07434
1536.33	2.8741
1497.36	2.8741
1497.36	2.8741
1474.8	2.8741
1474.8	2.8741
1473.93	2.8741
1473.93	2.85024
1472.75	2.85024
1472.75	2.86193
1474.51	2.86193
1474.51	2.86193
1476.27	2.86193
1476.27	2.86193
1473.63	2.86193
1473.63	2.84995
1472.17	2.84995
1472.17	2.66383
1468.07	2.66383
1468.07	2.66383
1440.53	2.66383
1440.53	2.66383
1400.68	2.66383
1400.68	2.67502
1374.9	2.67502
1374.9	2.67502
1377.83	2.67502
1377.83	2.67502
1377.54	2.67502
1377.54	2.67502
1376.66	2.67502
1376.66	2.67502
1377.54	2.67502
1377.54	2.67502
1375.49	2.67502
1375.49	2.67502
1374.02	2.67502
1374.02	2.67502
1371.97	2.67502
1371.97	2.7086
1345.31	2.7086
1345.31	2.51935
1306.05	2.51935
1306.05	2.51935
1284.37	2.51935
1284.37	2.51935
1284.67	2.51935
1284.67	2.49853
1286.13	2.49853
1286.13	2.49853
1285.84	2.49853
1285.84	2.49853
1283.79	2.49853
1283.79	2.49853
1284.08	2.49853
1284.08	2.48812
1284.37	2.48812
1284.37	2.4998
1283.79	2.4998
1283.79	2.4998
1279.69	2.4998
1279.69	2.4998
1255.66	2.4998
1255.66	2.45797
1211.72	2.45797
1211.72	2.30865
1209.08	2.30865
1209.08	2.30865
1207.32	2.30865
1207.32	2.30865
1206.74	2.30865
1206.74	2.30865
1208.2	2.30865
1208.2	2.30865
1208.79	2.30865
1208.79	2.30865
1208.2	2.30865
1208.2	2.30865
1207.32	2.30865
1207.32	2.30865
1207.32	2.30865
1207.32	2.30865
1208.2	2.30865
1208.2	2.30865
1193.85	2.30865
1193.85	2.30865
1157.23	2.30865
1157.23	2.31848
1123.83	2.31848
1123.83	2.13392
1110.35	2.13392
1110.35	2.13392
1108.59	2.13392
1108.59	2.13392
1111.52	2.13392
1111.52	2.12488
1112.11	2.12488
1112.11	2.12488
1110.64	2.12488
1110.64	2.12488
1109.18	2.12488
1109.18	2.12488
1108.89	2.12488
1108.89	2.17009
1073.73	2.17009
1073.73	1.95894
1033.89	1.95894
1033.89	1.95894
1013.09	1.95894
1013.09	1.95894
1008.69	1.95894
1008.69	1.9263
1008.69	1.9263
1008.69	1.93783
1002.83	1.93783
1002.83	1.93783
1005.18	1.93783
1005.18	1.93783
1005.76	1.93783
1005.76	1.93783
1007.23	1.93783
1007.23	1.76481
1008.98	1.76481
1008.98	1.76481
950.098	1.76481
950.098	1.76481
922.266	1.76481
922.266	1.77229
912.305	1.77229
912.305	1.7607
909.961	1.7607
909.961	1.7607
907.91	1.7607
907.91	1.7607
907.031	1.7607
907.031	1.7607
906.445	1.7607
906.445	1.7607
904.98	1.7607
904.98	1.7607
904.395	1.7607
904.395	1.7607
891.504	1.7607
891.504	1.7607
825.879	1.76813
825.879	1.58201
811.523	1.58201
811.523	1.58201
806.543	1.58201
806.543	1.58201
804.492	1.58201
804.492	1.58201
800.684	1.58201
800.684	1.58201
798.633	1.58201
798.633	1.58201
795.703	1.58201
795.703	1.58201
794.531	1.58201
794.531	1.60196
782.812	1.60196
782.812	1.40171
752.051	1.40171
752.051	1.40171
707.227	1.40171
707.227	1.40171
699.902	1.40171
699.902	1.39008
693.164	1.39008
693.164	1.39008
687.305	1.39008
687.305	1.39008
682.324	1.39008
682.324	1.39008
675.879	1.39008
675.879	1.39008
673.828	1.39008
673.828	1.39008
673.828	1.39008
662.402	1.39008
662.402	1.39008
638.672	1.39008
638.672	1.39008
614.941	1.39589
614.941	1.39589
601.758	1.20821
601.758	1.20821
590.918	1.20821
590.918	1.20821
573.34	1.20821
573.34	1.20821
566.016	1.20821
566.016	1.20821
560.449	1.20821
560.449	1.20821
556.348	1.20821
556.348	1.20821
554.004	1.20821
554.004	1.20821
544.629	1.23338
544.629	1.23338
523.242	1.01784
523.242	1.01784
499.219	1.01784
499.219	1.01784
479.297	1.01784
479.297	1.01784
462.891	1.01784
462.891	1.01784
444.434	1.01784
444.434	1.01784
437.402	1.01784
437.402	1.01784
433.008	1.01784
433.008	1.01784
433.887	1.01784
433.887	1.01784
435.059	0.850196
435.059	0.850196
402.246	0.850196
402.246	0.850196
380.566	0.850196
380.566	0.850196
362.402	0.850196
362.402	0.850196
350.684	0.850196
350.684	0.850196
345.41	0.850196
345.41	0.850196
341.895	0.850196
341.895	0.850196
341.602	0.850196
341.602	0.850196
342.48	0.850196
342.48	0.850196
342.48	0.850196
336.035	0.850196
336.035	0.850196
319.922	0.850196
319.922	0.850196
294.141	0.853666
294.141	0.66129
268.945	0.66129
268.945	0.66129
252.832	0.66129
252.832	0.66129
252.246	0.66129
252.246	0.66129
252.246	0.66129
252.246	0.66129
249.316	0.66129
249.316	0.66129
245.215	0.66129
245.215	0.66129
239.062	0.66129
239.062	0.66129
214.746	0.66129
214.746	0.480938
185.742	0.480938
185.742	0.480938
165.234	0.480938
165.234	0.480938
157.617	0.480938
157.617	0.480938
154.395	0.480938
154.395	0.480938
152.344	0.480938
152.344	0.480938
152.93	0.480938
152.93	0.480938
154.395	0.480938
154.395	0.480938
153.516	0.480938
153.516	0.288563
151.758	0.288563
151.758	0.288563
111.328	0.288563
111.328	0.288563
84.9609	0.288563
84.9609	0.288563
69.4336	0.288563
69.4336	0.288563
61.8164	0.288563
61.8164	0.288563
62.9883	0.288563
62.9883	0.288563
62.6953	0.288563
62.6953	0.288563
58.5937	0.288563
58.5937	0.288563
57.7148	0.288563
57.7148	0.288563
60.6445	0.288563
60.6445	0.288563
58.5937	0.288563
58.5937	0.288563
55.0781	0.288563
55.0781	0.27654
52.4414	0.27654
52.4414	0.27654
53.0273	0.27654
53.0273	0.27654
55.0781	0.27654
55.0781	0.27654
53.9062	0.27654
53.9062	0.27654
54.1992	0.27654
54.1992	0.27654
52.4414	0.27654
52.4414	0.27654
52.1484	0.27654
52.1484	0.27654
52.4414	0.27654
52.4414	0.27654
0	0
0	0
0	0
25.4883	0
25.4883	0
46.582	0.27654
46.582	0.27654
53.9062	0.27654
53.9062	0.27654
52.1484	0.27654
52.1484	0.27654
50.6836	0.27654
50.6836	0.27654
50.6836	0.27654
50.6836	0.27654
53.3203	0.27654
53.3203	0.27654
51.8555	0.27654
51.8555	0.27654
50.3906	0.27654
50.3906	0.27654
48.9258	0.27654
48.9258	0.27654
50.6836	0.27654
50.6836	0.27654
50.6836	0.27654
50.6836	0.27654
52.1484	0.27654
52.1484	0.27654
50.9766	0.27654
50.9766	0.27654
50.0977	0.27654
50.0977	0.27654
52.4414	0.27654
52.4414	0.27654
53.3203	0.27654
53.3203	0.27654
53.0273	0.27654
53.0273	0.27654
52.4414	0.27654
52.4414	0.27654
53.6133	0.27654
53.6133	0.27654
52.4414	0.27654
52.4414	0.27654
51.8555	0.27654
51.8555	0.27654
49.5117	0.27654
49.5117	0.27654
50.0977	0.27654
50.0977	0.27654
49.8047	0.27654
49.8047	0.27654
54.7852	0.27654
54.7852	0.27654
54.1992	0.27654
54.1992	0.27654
53.0273	0.27654
53.0273	0.27654
51.2695	0.27654
51.2695	0.27654
52.1484	0.27654
52.1484	0.27654
54.7852	0.27654
54.7852	0.27654
55.3711	0.27654
55.3711	0.27654
54.1992	0.27654
54.1992	0.27654
52.4414	0.27654
52.4414	0.27654
52.7344	0.27654
52.7344	0.27654
52.7344	0.27654
52.7344	0.27654
51.5625	0.27654
51.5625	0.27654
49.8047	0.27654
49.8047	0.27654
50.9766	0.27654
50.9766	0.27654
34.5703	0.27654
34.5703	0.27654
0.585937	0
0.585937	0
0	0
0	0
0	0
0	0
0	0
0	0
0	0
0	0
0	0
0	0
0	0
0	0
0	0
0	0
0	0
0	0
0	0
0	0
0	0
0	0
0	0
0	0
0	0
0	0
0	0
0	0
0	0
0	0
0	0
0	0
0	0
0	0
0	0
0	0
0	0
0	0
0	0
0	0
0	0
0	0
0	0
0	0
0	0
0	0
0	0
0	0
0	0
0	0
0	0
0	0
0	0
0	0
0	0
0	0
0	0
0	0
0	0
0	0
0	0
0	0
0	0
0	0
0	0
0	0
0	0
0	0
0	0
0	0
0	0
0	0
0	0
0	0
0	0
0	0
0	0
0	0
0	0
0	0
0	0
0	0
0	0
0	0
0	0
0	0
0	0
0	0
0	0
0	0
0	0
0	0
0	0
0	0
0	0
0	0
0	0
0	0
0	0
0	0
0	0
0	0
0	0
0	0
0	0
0	0
0	0
0	0
0	0
0	0
0	0
0	0
0	0
0	0
0	0
0	0
0	0
0	0
0	0
0	0
0	0
0	0
0	0
0	0
0	0
0	0
0	0
0	0
0	0
0	0
0	0
0	0
0	0
0	0
0	0
0	0
0	0
0	0
0	0
0	0
0	0
0	0
0	0
0	0
0	0
0	0
0	0
0	0
0	0
0	0
0	0
0	0
0	0
0	0
0	0
0	0
0	0
0	0
0	0
0	0
0	0
0	0
0	0
0	0
0	0
0	0
0	0
0	0
0	0
0	0
0	0
0	0
0	0
0	0
0	0
0	0
0	0
0	0
0	0
0	0
0	0
0	0
0	0
0	0
0	0
0	0
0	0
0	0
0	0
0	0
0	0
0	0
0	0
0	0
0	0
0	0
0	0
0	0
0	0
0	0
0	0
0	0
0	0
0	0
0	0
0	0
0	0
0	0
0	0
0	0
0	0
0	0
0	0
0	0
0	0
0	0
0	0
0	0
0	0
0	0
0	0
0	0
0	0
0	0
0	0
0	0
0	0
0	0
0	0
0	0
0	0
0	0
0	0
0	0
0	0
0	0
0	0
0	0
0	0
0	0
0	0
0	0
0	0
0	0
0	0
0	0
0	0
0	0
0	0
0	0
0	0
0	0
0	0
0	0
0	0
0	0
0	0
0	0
0	0
0	0
0	0
0	0
0	0
0	0
0	0
0	0
0	0
0	0
0	0
0	0
0	0
0	0
0	0
0	0
0	0
0	0
0	0
0	0
0	0
0	0
0	0
0	0
0	0
0	0
0	0
0	0
0	0
0	0
0	0
0	0
0	0
0	0
0	0
0	0
